Position	Rsbk[0]	Rsbk[1]	Rsbk[2]	Rsbk[3]	Rsbk[4]	
13233.000000	0.010157	0.010157	0.000000	0.135131	0.793508	
13621.000000	0.000000	0.000000	0.000000	0.270262	1.587016	
18007.000000	0.153124	0.153124	0.000000	0.000000	1.058010	
18008.000000	0.000000	0.000000	0.000000	0.000000	3.174031	
18026.000000	0.000000	0.000000	0.000000	0.000000	0.000000	
18370.000000	0.000000	0.000000	0.000000	0.000000	1.512726	
18485.000000	0.078171	0.078171	0.186037	0.160765	0.302545	
26202.000000	0.000000	0.000000	0.310061	0.267941	0.504242	
26204.000000	0.000110	0.000110	0.186037	0.160765	0.302545	
26213.000000	0.000000	0.000000	0.310061	0.267941	0.504242	
26248.000000	0.005000	0.005000	0.186037	0.160765	0.302545	
26714.000000	0.000000	0.000000	0.465091	0.000000	0.756363	
26730.000000	0.000487	0.000487	0.232546	0.000000	0.378181	
26753.000000	0.000000	0.000000	0.310061	0.054813	0.504242	
27025.000000	0.003513	0.003513	0.186037	0.032888	0.302545	
27105.000000	0.000000	0.000000	0.310061	0.054813	0.504242	
28389.000000	0.016020	0.016020	0.000000	0.041109	0.378181	
28423.000000	0.000000	0.000000	0.000000	0.000000	0.000000	
28449.000000	0.000000	0.000000	0.000000	0.000000	0.000000	
28467.000000	0.000000	0.000000	0.050282	0.050456	0.000000	
28479.000000	0.000097	0.000097	0.020267	0.020337	0.023916	
28492.000000	0.000000	0.000000	0.033779	0.033895	0.039860	
30829.000000	0.009875	0.009875	0.020267	0.020337	0.023916	
31047.000000	0.000000	0.000000	0.033779	0.033895	0.039860	
31060.000000	0.000205	0.000205	0.020267	0.020337	0.023916	
31100.000000	0.000000	0.000000	0.000000	0.000000	0.119348	
31516.000000	0.002251	0.002251	0.000000	0.002503	0.029837	
31566.000000	0.000000	0.000000	0.000000	0.005005	0.059674	
31567.000000	0.000005	0.000005	0.000000	0.002503	0.029837	
31569.000000	0.000000	0.000000	0.000000	0.000000	0.000000	
31585.000000	0.000000	0.000000	0.000000	0.000000	0.000000	
35348.000000	0.000000	0.000000	0.000000	0.000000	0.000000	
35349.000000	0.011195	0.011195	0.000000	0.000000	0.187730	
37087.000000	0.000000	0.000000	0.000000	0.018049	0.281595	
37092.000000	0.000035	0.000035	0.000209	0.007220	0.112638	
37096.000000	0.000000	0.000000	0.000348	0.012033	0.187730	
37137.000000	0.000343	0.000343	0.000000	0.009025	0.140798	
37167.000000	0.000000	0.000000	0.249768	0.000000	0.283103	
49918.000000	0.049293	0.049293	0.099954	0.080965	0.113241	
49921.000000	0.000000	0.000000	0.166589	0.134942	0.188735	
50077.000000	0.000812	0.000812	0.124797	0.101207	0.000000	
50089.000000	0.000000	0.000000	0.000000	0.079211	0.032620	
51708.000000	0.006478	0.006478	0.006478	0.031684	0.013048	
51765.000000	0.000000	0.000000	0.000000	0.079211	0.032620	
51769.000000	0.000039	0.000039	0.000000	0.039605	0.016310	
51773.000000	0.000000	0.000000	0.000000	0.158422	0.000000	
51776.000000	0.010841	0.010841	0.000000	0.039605	0.010841	
54017.000000	0.000000	0.000000	0.000000	0.158422	0.000000	
54341.000000	0.000000	0.000000	0.000000	0.000000	0.000000	
54380.000000	0.000000	0.000000	0.000000	0.000000	0.000000	
54487.000000	0.017213	0.017213	0.109426	0.000000	1.686066	
54571.000000	0.000000	0.000000	0.218852	0.000000	3.372131	
54937.000000	0.104098	0.104098	0.000000	0.000000	2.248087	
54952.000000	0.000000	0.000000	0.000000	2.997131	3.372131	
55097.000000	0.036066	0.036066	0.000000	1.498566	1.686066	
55128.000000	0.000000	0.000000	0.000000	0.000000	0.000000	
56327.000000	0.099484	0.099484	0.000000	0.384733	0.432870	
57019.000000	0.000000	0.000000	0.000000	0.769465	0.865741	
57836.000000	0.043561	0.043561	0.000000	0.384733	0.432870	
57847.000000	0.000000	0.000000	0.053662	0.512977	0.577160	
58601.000000	0.039668	0.039668	0.000000	0.384733	0.432870	
58650.000000	0.000000	0.000000	0.000000	0.000000	0.000000	
58703.000000	0.000070	0.000070	0.000000	1.155303	0.000000	
58704.000000	0.000000	0.000000	0.000000	0.000000	0.000000	
58713.000000	0.002291	0.002291	0.067594	2.727823	2.770376	
58718.000000	0.000000	0.000000	0.112657	4.546372	4.617294	
59102.000000	0.079173	0.079173	0.000000	3.409779	3.462971	
59105.000000	0.000000	0.000000	0.127387	4.546372	4.617294	
59324.000000	0.040098	0.040098	0.076432	2.727823	2.770376	
59350.000000	0.000000	0.000000	0.000000	0.000000	0.000000	
66868.000000	2.824719	2.824719	2.824719	6.242322	6.339700	
66892.000000	0.000000	0.000000	0.000000	15.605805	15.849251	
66930.000000	0.017228	0.017228	0.017228	6.242322	6.339700	
66938.000000	0.000000	0.000000	0.000000	15.605805	15.849251	
67135.000000	0.102060	0.102060	4.014513	0.000000	9.286517	
67156.000000	0.000000	0.000000	0.000000	0.000000	0.000000	
67167.000000	0.000000	0.000000	0.000000	0.000000	0.000000	
70077.000000	0.000000	0.000000	0.125404	0.087998	0.000000	
70093.000000	0.001063	0.001063	0.062859	0.000000	0.053152	
70219.000000	0.000000	0.000000	0.083812	0.125614	0.087584	
70257.000000	0.006616	0.006616	0.050287	0.075368	0.052551	
71324.000000	0.000000	0.000000	0.083812	0.125614	0.087584	
71345.000000	0.000801	0.000801	0.000000	0.094210	0.065568	
71431.000000	0.000000	0.000000	0.101505	0.125823	0.087425	
73636.000000	0.023231	0.023231	0.060903	0.075494	0.052455	
75311.000000	0.000000	0.000000	0.152257	0.186849	0.000000	
75324.000000	0.006820	0.006820	0.060903	0.074740	0.013849	
76450.000000	0.000000	0.000000	0.101505	0.124566	0.023081	
76471.000000	0.000180	0.000180	0.075485	0.000000	0.017311	
76474.000000	0.000000	0.000000	0.100647	0.000030	0.023081	
85623.000000	0.000000	0.000000	0.000000	0.000000	0.000000	
86000.000000	0.000000	0.000000	0.023321	0.000000	0.007110	
86475.000000	0.003615	0.003615	0.011660	0.003720	0.000000	
86483.000000	0.000000	0.000000	0.015547	0.004959	0.002185	
86489.000000	0.001534	0.001534	0.011660	0.000000	0.001639	
86688.000000	0.000000	0.000000	0.046641	0.000000	0.000000	
86779.000000	0.003838	0.003838	0.012621	0.003838	0.007131	
87329.000000	0.000000	0.000000	0.000000	0.000000	0.000000	
87756.000000	0.039336	0.039336	2.923077	0.039336	0.000000	
87801.000000	0.000000	0.000000	5.846154	0.000000	4.587413	
87899.000000	0.523601	0.523601	2.923077	0.000000	2.293706	
88400.000000	0.000000	0.000000	0.000000	0.000000	0.000000	
88599.000000	0.008105	0.008105	0.122088	0.067798	0.095801	
88622.000000	0.000000	0.000000	0.203481	0.112997	0.159669	
88645.000000	0.010150	0.010150	0.122088	0.067798	0.095801	
88900.000000	0.000000	0.000000	0.203481	0.112997	0.159669	
89013.000000	0.009785	0.009785	0.122088	0.067798	0.095801	
89168.000000	0.000000	0.000000	0.305221	0.169496	0.000000	
89357.000000	0.009493	0.009493	0.125411	0.071121	0.020044	
89428.000000	0.000000	0.000000	0.209018	0.118535	0.033406	
89519.000000	0.006633	0.006633	0.000000	0.000000	0.021906	
89537.000000	0.000000	0.000000	0.000000	0.161190	0.112632	
90411.000000	0.060606	0.060606	0.081325	0.100493	0.000000	
90865.000000	0.000000	0.000000	0.085433	0.000000	0.046550	
90893.000000	0.001704	0.001704	0.000000	0.000000	0.003408	
90942.000000	0.000000	0.000000	0.000000	0.000000	0.000000	
91321.000000	0.000776	0.000776	0.025831	0.000000	0.010268	
91338.000000	0.000000	0.000000	0.051661	0.000000	0.020537	
91406.000000	0.000000	0.000000	0.000000	0.000000	0.000000	
91461.000000	0.000000	0.000000	0.000000	0.000000	0.000000	
91604.000000	0.000000	0.000000	0.000000	0.000000	0.000000	
91748.000000	0.000000	0.000000	0.000000	0.480538	0.421918	
91937.000000	0.017702	0.017702	0.088508	0.192215	0.168767	
91939.000000	0.000000	0.000000	0.147513	0.320358	0.281279	
91948.000000	0.003614	0.003614	0.088508	0.192215	0.168767	
91978.000000	0.000000	0.000000	0.147513	0.320358	0.281279	
91984.000000	0.007044	0.007044	0.088508	0.192215	0.168767	
92054.000000	0.000000	0.000000	0.147513	0.320358	0.281279	
92104.000000	0.013253	0.013253	0.088508	0.192215	0.168767	
92197.000000	0.000000	0.000000	0.147513	0.320358	0.281279	
92443.000000	0.028499	0.028499	0.000000	0.240269	0.210959	
92531.000000	0.000000	0.000000	0.542169	0.000000	0.000000	
92827.000000	0.067771	0.067771	0.147243	0.124652	0.000000	
93116.000000	0.000000	0.000000	0.000000	0.000000	0.000000	
93217.000000	0.335417	0.335417	0.000000	1.750000	2.622917	
93277.000000	0.000000	0.000000	2.950000	0.000000	4.041667	
93465.000000	0.000000	0.000000	0.000000	0.000000	0.000000	
93601.000000	0.000000	0.000000	0.103216	0.507212	0.128752	
93952.000000	0.166667	0.166667	0.000000	0.488889	0.000000	
95311.000000	0.000000	0.000000	0.000000	1.466667	0.000000	
95388.000000	0.000000	0.000000	0.000000	0.000000	0.000000	
95431.000000	0.000000	0.000000	0.204852	0.808162	0.000000	
95724.000000	0.034833	0.034833	0.081941	0.323265	0.051735	
95973.000000	0.000000	0.000000	0.136568	0.538775	0.086225	
95987.000000	0.001500	0.001500	0.128320	0.000000	0.000000	
96766.000000	0.000000	0.000000	0.000000	0.000000	0.000000	
96771.000000	0.010122	0.010122	0.022815	0.021530	0.000000	
96897.000000	0.000000	0.000000	0.030420	0.028706	0.015210	
96913.000000	0.001714	0.001714	0.030420	0.000000	0.000000	
96987.000000	0.000000	0.000000	0.000000	0.199550	0.041131	
97024.000000	0.000000	0.000000	0.000000	0.000000	0.000000	
97206.000000	0.000000	0.000000	0.000000	0.000000	0.000000	
97239.000000	0.009214	0.009214	0.195935	0.336585	0.182927	
97240.000000	0.000000	0.000000	0.326558	0.560976	0.304878	
97494.000000	0.104336	0.104336	0.000000	0.420732	0.228659	
97548.000000	0.000000	0.000000	0.035230	0.560976	0.304878	
97572.000000	0.027100	0.027100	0.000000	0.560976	0.000000	
97608.000000	0.000000	0.000000	0.069557	0.561879	0.043812	
97610.000000	0.000000	0.000000	0.000000	0.000000	0.000000	
97667.000000	0.000000	0.000000	0.030117	0.358299	0.000000	
98044.000000	0.036465	0.036465	0.000000	0.236554	0.000000	
98566.000000	0.000000	0.000000	0.088890	0.354831	0.000000	
99505.000000	0.031394	0.031394	0.000000	0.177415	0.048187	
99598.000000	0.000000	0.000000	0.075120	0.236554	0.064249	
100057.000000	0.018648	0.018648	0.056340	0.177415	0.000000	
100211.000000	0.000000	0.000000	0.112679	0.354831	0.000000	
100372.000000	0.009053	0.009053	0.045072	0.141932	0.014188	
100583.000000	0.000000	0.000000	0.000000	0.354831	0.035471	
101367.000000	0.000000	0.000000	0.000000	0.000000	0.000000	
101478.000000	0.000000	0.000000	0.009917	0.019835	0.000000	
101641.000000	0.004959	0.004959	0.000000	0.009917	0.004959	
101776.000000	0.000000	0.000000	0.030178	0.000000	0.000000	
101900.000000	0.000000	0.000000	0.000000	0.000000	0.000000	
104502.000000	0.000000	0.000000	0.000000	2.711712	1.332883	
104859.000000	0.091892	0.091892	0.091892	1.355856	0.000000	
104910.000000	0.000000	0.000000	0.000000	5.423423	0.000000	
105057.000000	0.040991	0.040991	0.040991	0.000000	0.495946	
105239.000000	0.000000	0.000000	0.000000	0.000000	0.000000	
105304.000000	0.060461	0.060461	0.262434	0.076711	0.172105	
106158.000000	0.000000	0.000000	0.656086	0.000000	0.430263	
106572.000000	0.054770	0.054770	0.322697	0.089063	0.000000	
106824.000000	0.000000	0.000000	0.430263	0.118750	0.045724	
106989.000000	0.000000	0.000000	0.000000	0.000000	0.000000	
107266.000000	0.000000	0.000000	2.059671	3.220679	0.183642	
107346.000000	0.076132	0.076132	0.000000	3.078189	0.000000	
107414.000000	0.000000	0.000000	1.181327	4.617284	0.000000	
107590.000000	0.161728	0.161728	0.472531	1.846914	0.161728	
107938.000000	0.000000	0.000000	0.000000	0.000000	0.000000	
108010.000000	0.158210	0.158210	0.706181	2.760148	0.000000	
108281.000000	0.000000	0.000000	0.000000	5.520295	0.583948	
108643.000000	0.000000	0.000000	0.000000	0.000000	0.000000	
109273.000000	0.000000	0.000000	0.398309	1.331553	0.516021	
109441.000000	0.076602	0.076602	0.000000	0.998665	0.387016	
109732.000000	0.000000	0.000000	0.193591	1.331553	0.516021	
110021.000000	0.038718	0.038718	0.116155	0.798932	0.309613	
110022.000000	0.000000	0.000000	0.000000	1.997330	0.774032	
110213.000000	0.000000	0.000000	0.000000	0.000000	0.000000	
110258.000000	0.000000	0.000000	0.000000	0.000000	0.000000	
110944.000000	0.613281	0.613281	1.304688	0.000000	0.000000	
111200.000000	0.000000	0.000000	2.185547	0.000000	1.441406	
111260.000000	0.000000	0.000000	0.000000	0.000000	0.000000	
111494.000000	0.000000	0.000000	0.000000	0.172319	0.153414	
111810.000000	0.019936	0.019936	0.027819	0.068928	0.061366	
111929.000000	0.000000	0.000000	0.069546	0.165445	0.000000	
111982.000000	0.004048	0.004048	0.000000	0.110296	0.000000	
111988.000000	0.000000	0.000000	0.000000	0.000000	0.106324	
112150.000000	0.013291	0.013291	0.000000	0.411664	0.037466	
112220.000000	0.000000	0.000000	0.222961	0.548885	0.049954	
112410.000000	0.067656	0.067656	0.167220	0.402383	0.000000	
113401.000000	0.000000	0.000000	0.222961	0.536511	0.091888	
113613.000000	0.015754	0.015754	0.167220	0.402383	0.000000	
113676.000000	0.000000	0.000000	0.000000	0.804766	0.223877	
113690.000000	0.000000	0.000000	0.000000	0.000000	0.000000	
113702.000000	0.000000	0.000000	0.179461	2.364983	0.657912	
114197.000000	0.209343	0.209343	0.000000	1.773737	0.493434	
114531.000000	0.000000	0.000000	0.000000	0.000000	0.000000	
114712.000000	0.000000	0.000000	0.000000	0.000000	0.000000	
114790.000000	0.000000	0.000000	0.000000	0.000000	0.000000	
115204.000000	0.000000	0.000000	0.000000	0.000000	0.000000	
115387.000000	0.000000	0.000000	0.000000	6.128920	8.789199	
115557.000000	0.095819	0.095819	0.221254	2.451568	3.515679	
115662.000000	0.000000	0.000000	0.368757	4.085947	5.859466	
115674.000000	0.105836	0.105836	0.276568	0.000000	4.360627	
115905.000000	0.000000	0.000000	0.000000	0.000000	0.000000	
115963.000000	0.000000	0.000000	0.000000	0.000000	0.000000	
116291.000000	0.000000	0.000000	0.000000	2.630000	33.373333	
116366.000000	0.744444	0.744444	0.000000	0.000000	22.248889	
116626.000000	0.000000	0.000000	0.000000	0.000000	0.000000	
116653.000000	0.009851	0.009851	0.367761	0.868060	2.988657	
116659.000000	0.000000	0.000000	0.612935	1.446766	4.981095	
116988.000000	0.172239	0.172239	0.367761	0.868060	2.988657	
117236.000000	0.000000	0.000000	0.000000	0.000000	0.000000	
117931.000000	1.928947	1.928947	3.002632	7.652632	26.347368	
117969.000000	0.000000	0.000000	7.506579	0.000000	65.868421	
118339.000000	0.000000	0.000000	0.000000	0.000000	0.000000	
118357.000000	0.000000	0.000000	0.000000	0.000000	0.000000	
118384.000000	0.000000	0.000000	0.000000	0.000000	0.000000	
118624.000000	0.000000	0.000000	0.000000	0.000000	4.271331	
119796.000000	0.131399	0.131399	0.235410	0.354778	0.885666	
120164.000000	0.000000	0.000000	0.000000	0.000000	0.000000	
121015.000000	0.000000	0.000000	0.000000	0.000000	0.000000	
121280.000000	0.000000	0.000000	0.101824	1.134498	0.000000	
121283.000000	0.001710	0.001710	0.000000	0.690540	0.512728	
121289.000000	0.000000	0.000000	0.000000	1.381079	1.025456	
121938.000000	0.254939	0.254939	0.542363	0.000000	0.528685	
122631.000000	0.000000	0.000000	0.000000	0.000000	0.000000	
122718.000000	0.000000	0.000000	0.000000	0.000000	0.000000	
122757.000000	0.000000	0.000000	0.000000	0.000000	0.000000	
123041.000000	0.373077	0.373077	2.221154	2.073077	10.912500	
123145.000000	0.000000	0.000000	0.000000	5.182692	27.187500	
123348.000000	0.000000	0.000000	0.000000	0.000000	0.000000	
123421.000000	0.000000	0.000000	0.635753	2.897849	15.201613	
123545.000000	0.313508	0.313508	0.000000	2.173387	11.401210	
123732.000000	0.000000	0.000000	0.000000	0.000000	0.000000	
123743.000000	0.000000	0.000000	0.000000	0.000000	0.000000	
123860.000000	0.000000	1.241071	0.955357	4.812500	25.245536	
123916.000000	0.203571	0.992857	0.764286	3.850000	20.196429	
123974.000000	0.000000	0.000000	0.000000	0.000000	0.000000	
123980.000000	0.000000	0.000000	0.000000	0.000000	0.000000	
124012.000000	0.000000	6.318182	4.863636	0.443182	128.522727	
124019.000000	0.250000	0.000000	0.000000	0.000000	257.045455	
124023.000000	0.000000	0.000000	4.000000	6.181818	171.363636	
124062.000000	0.000000	0.000000	0.000000	0.000000	0.000000	
124113.000000	0.000000	0.000000	2.000000	3.090909	85.681818	
124135.000000	0.329545	0.000000	1.500000	2.318182	64.261364	
124171.000000	0.000000	0.000000	0.000000	0.000000	0.000000	
124191.000000	0.005296	0.005296	0.005296	0.063551	1.761682	
124205.000000	0.000000	0.000000	0.000000	0.158879	4.404206	
124245.000000	0.019665	0.045755	0.035631	0.000000	2.202103	
124306.000000	0.000000	0.061007	0.047508	0.000000	2.936137	
124327.000000	0.010125	0.045755	0.000000	0.010125	2.202103	
124358.000000	0.000000	0.000000	0.940031	0.000000	4.404206	
124385.000000	0.097871	0.000000	0.626687	0.000000	2.936137	
124735.000000	0.000000	0.000000	0.940031	0.000000	4.404206	
124833.000000	0.119743	0.000000	0.470016	0.540693	2.202103	
125350.000000	0.000000	0.000000	0.000000	0.000000	0.000000	
125426.000000	0.000000	0.000000	0.000000	0.000000	0.000000	
125435.000000	0.000000	0.000000	0.000000	0.000000	0.000000	
125545.000000	0.024070	0.000000	0.488269	0.561691	2.287621	
125554.000000	0.000000	0.000000	0.000000	1.123382	4.575243	
125646.000000	0.044498	0.044498	0.181068	0.449353	1.830097	
125829.000000	0.000000	0.000000	0.301780	0.748921	3.050162	
126156.000000	0.067557	0.000000	0.226335	0.561691	2.287621	
126163.000000	0.000000	0.000000	0.000000	1.123382	4.575243	
126182.000000	0.000000	0.000000	0.000000	0.000000	0.000000	
126410.000000	0.000000	3.534722	20.493056	8.791667	78.541667	
126428.000000	1.461111	2.827778	16.394444	7.033333	62.833333	
126673.000000	0.000000	0.000000	0.000000	0.000000	0.000000	
126754.000000	0.025949	0.000000	0.933861	0.400633	3.579114	
126755.000000	0.000000	0.000000	1.245148	0.534177	4.772152	
127103.000000	0.147257	0.000000	1.245148	0.000000	4.772152	
127104.000000	0.000000	0.205063	1.245148	0.000000	4.772152	
127149.000000	0.061709	0.153797	0.933861	0.000000	3.579114	
127299.000000	0.000000	0.000000	0.000000	0.000000	0.000000	
127394.000000	0.049446	0.000000	1.167326	0.234573	4.473892	
127424.000000	0.000000	0.189082	1.167326	0.234573	4.473892	
127455.000000	0.051266	0.151266	0.933861	0.187658	3.579114	
127586.000000	0.000000	0.252110	1.556435	0.000000	5.965190	
127710.000000	0.128956	0.000000	0.000000	0.000000	8.947785	
127749.000000	0.000000	0.000000	0.000000	0.000000	0.000000	
127764.000000	0.000000	0.000000	0.000000	0.000000	0.000000	
127794.000000	0.000000	0.000000	0.000000	0.000000	0.000000	
127874.000000	0.000000	0.000000	0.000000	0.000000	0.000000	
127961.000000	0.000000	0.000000	0.000000	0.000000	0.000000	
128016.000000	0.000000	0.000000	0.000000	0.000000	0.000000	
128412.000000	0.000000	0.000000	0.000000	0.000000	0.000000	
