Position	Rsbk[0]	Rsbk[1]	Rsbk[2]	Rsbk[3]	Rsbk[4]	
13233.000000	0.074813	0.029334	0.029334	0.086169	0.073398	
13621.000000	0.074813	0.029334	0.029334	0.086169	0.073398	
18007.000000	0.074813	0.029334	0.029334	0.086169	0.073398	
18008.000000	0.074813	0.029334	0.029334	0.086169	0.073398	
18026.000000	0.074813	0.029334	0.029334	0.086169	0.073398	
18370.000000	0.074813	0.029334	0.029334	0.086169	0.073398	
18485.000000	0.097076	0.000000	0.000000	0.111811	0.095240	
26202.000000	0.075510	0.373089	0.025908	0.093632	0.074082	
26204.000000	0.075510	0.373089	0.025908	0.093632	0.074082	
26213.000000	0.075510	0.373089	0.025908	0.093632	0.074082	
26248.000000	0.072807	0.359733	0.024981	0.090280	0.000000	
26714.000000	0.000000	0.333580	0.023164	0.083717	0.308688	
26730.000000	0.001398	0.266864	0.018532	0.066973	0.246950	
26753.000000	0.001398	0.266864	0.018532	0.066973	0.246950	
27025.000000	0.001748	0.333580	0.000000	0.083717	0.308688	
27105.000000	0.000000	0.444773	0.000000	0.111622	0.411583	
28389.000000	0.013009	0.266864	0.002960	0.066973	0.246950	
28423.000000	0.013009	0.266864	0.002960	0.066973	0.246950	
28449.000000	0.013009	0.266864	0.002960	0.066973	0.246950	
28467.000000	0.013009	0.266864	0.002960	0.066973	0.246950	
28479.000000	0.016262	0.333580	0.000000	0.083717	0.308688	
28492.000000	0.013009	0.266864	0.004790	0.066973	0.246950	
30829.000000	0.017747	0.342597	0.000000	0.000000	0.336891	
31047.000000	0.000000	0.262012	0.002718	0.154009	0.257648	
31060.000000	0.001781	0.209610	0.002174	0.123207	0.206119	
31100.000000	0.001781	0.209610	0.002174	0.123207	0.206119	
31516.000000	0.001781	0.209610	0.002174	0.123207	0.206119	
31566.000000	0.001781	0.209610	0.002174	0.123207	0.206119	
31567.000000	0.001781	0.209610	0.002174	0.123207	0.206119	
31569.000000	0.001781	0.209610	0.002174	0.123207	0.206119	
31585.000000	0.000000	0.349350	0.000000	0.205346	0.343531	
35348.000000	0.034287	0.209610	0.012541	0.123207	0.206119	
35349.000000	0.034287	0.209610	0.012541	0.123207	0.206119	
37087.000000	0.034287	0.209610	0.012541	0.123207	0.206119	
37092.000000	0.034287	0.209610	0.012541	0.123207	0.206119	
37096.000000	0.034287	0.209610	0.012541	0.123207	0.206119	
37137.000000	0.034287	0.209610	0.012541	0.123207	0.206119	
37167.000000	0.042858	0.262012	0.000000	0.154009	0.257648	
49918.000000	0.000000	0.262012	0.027463	0.154009	0.257648	
49921.000000	0.015685	0.209610	0.021970	0.123207	0.206119	
50077.000000	0.019607	0.262012	0.000000	0.154009	0.257648	
50089.000000	0.015685	0.209610	0.009574	0.123207	0.206119	
51708.000000	0.015685	0.209610	0.009574	0.123207	0.206119	
51765.000000	0.015685	0.209610	0.009574	0.123207	0.206119	
51769.000000	0.015685	0.209610	0.009574	0.123207	0.206119	
51773.000000	0.015685	0.209610	0.009574	0.123207	0.206119	
51776.000000	0.015685	0.209610	0.009574	0.123207	0.206119	
54017.000000	0.019607	0.262012	0.000000	0.154009	0.257648	
54341.000000	0.015685	0.209610	0.000618	0.123207	0.206119	
54380.000000	0.019607	0.262012	0.000000	0.154009	0.257648	
54487.000000	0.015685	0.209610	0.010188	0.123207	0.206119	
54571.000000	0.000000	0.262012	0.012735	0.154009	0.257648	
54937.000000	0.107133	0.209610	0.010188	0.123207	0.206119	
54952.000000	0.107133	0.209610	0.010188	0.123207	0.206119	
55097.000000	0.107133	0.209610	0.010188	0.123207	0.206119	
55128.000000	0.107133	0.209610	0.010188	0.123207	0.206119	
56327.000000	0.107133	0.209610	0.010188	0.123207	0.206119	
57019.000000	0.107133	0.209610	0.010188	0.123207	0.206119	
57836.000000	0.133916	0.262012	0.000000	0.154009	0.257648	
57847.000000	0.107133	0.209610	0.001302	0.123207	0.206119	
58601.000000	0.133916	0.262012	0.000000	0.154009	0.257648	
58650.000000	0.133916	0.262012	0.000000	0.154009	0.257648	
58703.000000	0.133916	0.262012	0.000000	0.154009	0.257648	
58704.000000	0.107133	0.209610	0.000041	0.123207	0.206119	
58713.000000	0.099619	0.194909	0.000038	0.114566	0.191662	
58718.000000	0.158964	0.311021	0.000000	0.182816	0.305841	
59102.000000	0.127171	0.248817	0.000782	0.146253	0.244673	
59105.000000	0.158964	0.311021	0.000000	0.182816	0.305841	
59324.000000	0.127171	0.248817	0.109154	0.146253	0.244673	
59350.000000	0.127171	0.248817	0.109154	0.146253	0.244673	
66868.000000	0.127171	0.248817	0.109154	0.146253	0.244673	
66892.000000	0.127171	0.248817	0.109154	0.146253	0.244673	
66930.000000	0.127171	0.248817	0.109154	0.146253	0.244673	
66938.000000	0.127171	0.248817	0.109154	0.146253	0.244673	
67135.000000	0.127171	0.248817	0.109154	0.146253	0.244673	
67156.000000	0.124523	0.243636	0.106881	0.000000	0.239578	
67167.000000	0.099619	0.194909	0.085505	0.065307	0.191662	
70077.000000	0.121535	0.237789	0.104316	0.079674	0.233828	
70093.000000	0.121535	0.237789	0.104316	0.079674	0.233828	
70219.000000	0.121535	0.237789	0.104316	0.079674	0.233828	
70257.000000	0.121535	0.237789	0.104316	0.079674	0.233828	
71324.000000	0.121535	0.237789	0.104316	0.079674	0.233828	
71345.000000	0.121535	0.237789	0.104316	0.079674	0.233828	
71431.000000	0.121535	0.237789	0.104316	0.079674	0.233828	
73636.000000	0.121535	0.237789	0.104316	0.079674	0.233828	
75311.000000	0.121535	0.237789	0.104316	0.079674	0.233828	
75324.000000	0.121535	0.237789	0.104316	0.079674	0.233828	
76450.000000	0.121535	0.237789	0.104316	0.079674	0.233828	
76471.000000	0.121535	0.237789	0.104316	0.079674	0.233828	
76474.000000	0.121535	0.237789	0.104316	0.079674	0.233828	
85623.000000	0.121535	0.237789	0.104316	0.079674	0.233828	
86000.000000	0.121535	0.237789	0.104316	0.079674	0.233828	
86475.000000	0.000000	0.275359	0.000000	0.092263	0.270773	
86483.000000	0.000000	1.096607	0.000000	0.367431	1.078341	
86489.000000	0.000000	1.096607	0.000000	0.367431	1.078341	
86688.000000	0.000000	0.275359	0.000000	0.092263	0.270773	
86779.000000	0.011088	0.639794	0.011088	0.214371	0.629138	
87329.000000	0.010438	0.602313	0.010438	0.201813	0.000000	
87756.000000	0.011096	0.640310	0.011096	0.214544	0.002687	
87801.000000	0.011096	0.640310	0.011096	0.214544	0.002687	
