Position	iESd_BRG	iESa_BRG	iESd_BRM	iESa_BRM	iESd_CHCU	iESa_CHCU	iESd_CHCA	iESa_CHCA	iESd_CHFR	iESa_CHFR	iESd_TXL	iESa_TXL	log(iESd_BRG)	log(iESa_BRG)	log(iESd_BRM)	log(iESa_BRM)	log(iESd_CHCU)	log(iESa_CHCU)	log(iESd_CHCA)	log(iESa_CHCA)	log(iESd_CHFR)	log(iESa_CHFR)	log(iESd_TXL)	log(iESa_TXL)	log_iRESda(BRG)	log_iRESda(BRM)	log_iRESda(CHCU)	log_iRESda(CHCA)	log_iRESda(CHFR)	log_iRESda(TXL)	log_iRESdaN(BRG)	log_iRESdaN(BRM)	log_iRESdaN(CHCU)	log_iRESdaN(CHCA)	log_iRESdaN(CHFR)	log_iRESdaN(TXL)	
13233.000000	NA	NA	194.000000	11229.444444	2581.000000	3561.750000	NA	NA	NA	NA	NA	NA	NA	NA	5.267858	9.326295	7.855932	8.178007	NA	NA	NA	NA	NA	NA	NA	-4.058436	-0.322075	NA	NA	NA	NA	-2.066091	1.561676	NA	NA	NA	
13621.000000	NA	NA	NA	NA	2435.500000	5631.714286	2193.000000	4405.000000	NA	NA	NA	NA	NA	NA	NA	NA	7.797907	8.636169	7.693026	8.390496	NA	NA	NA	NA	NA	NA	-0.838262	-0.697470	NA	NA	NA	NA	1.192618	1.103452	NA	NA	
18007.000000	NA	NA	2193.500000	14041.428571	NA	NA	NA	NA	NA	NA	NA	NA	NA	NA	7.693254	9.549767	NA	NA	NA	NA	NA	NA	NA	NA	NA	-1.856514	NA	NA	NA	NA	NA	-0.546940	NA	NA	NA	NA	
18008.000000	NA	NA	NA	NA	NA	NA	NA	NA	NA	NA	NA	NA	NA	NA	NA	NA	NA	NA	NA	NA	NA	NA	NA	NA	NA	NA	NA	NA	NA	NA	NA	NA	NA	NA	NA	NA	
18026.000000	NA	NA	NA	NA	181.000000	4790.818182	9.000000	3308.500000	181.000000	8366.833333	NA	NA	NA	NA	NA	NA	5.198497	8.474456	2.197225	8.104250	5.198497	9.032031	NA	NA	NA	NA	-3.275959	-5.907026	-3.833534	NA	NA	NA	-0.550263	-2.688793	0.382680	NA	
18370.000000	NA	NA	229.500000	12725.812500	229.500000	7404.687500	57.500000	108.611111	NA	NA	NA	NA	NA	NA	5.435903	9.451388	5.435903	8.909869	4.051785	4.687774	NA	NA	NA	NA	NA	-4.015485	-3.473965	-0.635989	NA	NA	NA	-2.036458	-0.691831	1.148207	NA	NA	
18485.000000	NA	NA	NA	NA	NA	NA	NA	NA	NA	NA	NA	NA	NA	NA	NA	NA	NA	NA	NA	NA	NA	NA	NA	NA	NA	NA	NA	NA	NA	NA	NA	NA	NA	NA	NA	NA	
26202.000000	NA	NA	3865.000000	15139.642857	3859.500000	8051.937500	NA	NA	3859.500000	9740.000000	NA	NA	NA	NA	8.259717	9.625072	8.258293	8.993668	NA	NA	8.258293	9.183996	NA	NA	NA	-1.365355	-0.735375	NA	-0.925703	NA	NA	-0.208079	1.266179	NA	2.041463	NA	
26204.000000	NA	NA	3865.000000	11806.777778	5.500000	4689.590909	142.750000	1332.600000	NA	NA	NA	NA	NA	NA	8.259717	9.376429	1.704748	8.453101	4.961095	7.194887	NA	NA	NA	NA	NA	-1.116712	-6.748353	-2.233792	NA	NA	NA	-0.036536	-3.032919	-0.014899	NA	NA	
26213.000000	NA	NA	22.000000	11865.388889	NA	NA	279.000000	1968.916667	NA	NA	NA	NA	NA	NA	3.091042	9.381381	NA	NA	5.631212	7.585239	NA	NA	NA	NA	NA	-6.290338	NA	-1.954027	NA	NA	NA	-3.605926	NA	0.188754	NA	NA	
26248.000000	NA	NA	NA	NA	NA	NA	279.000000	1968.916667	NA	NA	NA	NA	NA	NA	NA	NA	NA	NA	5.631212	7.585239	NA	NA	NA	NA	NA	NA	NA	-1.954027	NA	NA	NA	NA	NA	0.188754	NA	NA	
26714.000000	NA	NA	260.500000	11647.285714	NA	NA	NA	NA	NA	NA	NA	NA	NA	NA	5.562603	9.362828	NA	NA	NA	NA	NA	NA	NA	NA	NA	-3.800226	NA	NA	NA	NA	NA	-1.887946	NA	NA	NA	NA	
26730.000000	NA	NA	260.500000	10193.812500	NA	NA	NA	NA	NA	NA	NA	NA	NA	NA	5.562603	9.229536	NA	NA	NA	NA	NA	NA	NA	NA	NA	-3.666933	NA	NA	NA	NA	NA	-1.795985	NA	NA	NA	NA	
26753.000000	NA	NA	147.500000	11272.833333	NA	NA	NA	NA	NA	NA	NA	NA	NA	NA	4.993828	9.330151	NA	NA	NA	NA	NA	NA	NA	NA	NA	-4.336323	NA	NA	NA	NA	NA	-2.257811	NA	NA	NA	NA	
27025.000000	NA	NA	NA	NA	NA	NA	176.000000	2107.833333	NA	NA	NA	NA	NA	NA	NA	NA	NA	NA	5.170484	7.653416	NA	NA	NA	NA	NA	NA	NA	-2.482932	NA	NA	NA	NA	NA	-0.196257	NA	NA	
27105.000000	682.000000	5454.750000	1026.500000	8904.437500	NA	NA	NA	NA	NA	NA	NA	NA	6.525030	8.604242	6.933910	9.094305	NA	NA	NA	NA	NA	NA	NA	NA	-2.079212	-2.160395	NA	NA	NA	NA	-1.106599	-0.756594	NA	NA	NA	NA	
28389.000000	NA	NA	1371.000000	9214.416667	NA	NA	NA	NA	NA	NA	NA	NA	NA	NA	7.223296	9.128525	NA	NA	NA	NA	NA	NA	NA	NA	NA	-1.905229	NA	NA	NA	NA	NA	-0.580549	NA	NA	NA	NA	
28423.000000	NA	NA	1371.000000	9424.187500	30.000000	1709.437500	30.000000	1749.857143	17.000000	2219.000000	NA	NA	NA	NA	7.223296	9.151035	3.401197	7.443920	3.401197	7.467289	2.833213	7.704812	NA	NA	NA	-1.927739	-4.042722	-4.066092	-4.871599	NA	NA	-0.596080	-1.098475	-1.348703	-0.209489	NA	
28449.000000	NA	NA	22.000000	9693.250000	29.500000	2701.916667	NA	NA	NA	NA	NA	NA	NA	NA	3.091042	9.179185	3.384390	7.901717	NA	NA	NA	NA	NA	NA	NA	-6.088143	-4.517326	NA	NA	NA	NA	-3.466427	-1.437803	NA	NA	NA	
28467.000000	NA	NA	NA	NA	26.000000	2397.571429	NA	NA	15.000000	23316.000000	NA	NA	NA	NA	NA	NA	3.258097	7.782212	NA	NA	2.708050	10.056895	NA	NA	NA	NA	-4.524115	NA	-7.348845	NA	NA	NA	-1.442656	NA	-1.622644	NA	
28479.000000	2465.000000	1309.500000	12.500000	12076.857143	NA	NA	NA	NA	NA	NA	NA	NA	7.809947	7.177401	2.525729	9.399046	NA	NA	NA	NA	NA	NA	NA	NA	0.632546	-6.873318	NA	NA	NA	NA	0.336654	-4.008135	NA	NA	NA	NA	
28492.000000	2465.000000	2606.500000	NA	NA	NA	NA	1175.000000	6866.833333	NA	NA	NA	NA	7.809947	7.865764	NA	NA	NA	NA	7.069023	8.834458	NA	NA	NA	NA	-0.055817	NA	NA	-1.765435	NA	NA	-0.029707	NA	NA	0.326038	NA	NA	
30829.000000	2465.000000	1942.000000	1393.000000	11240.500000	NA	NA	1647.500000	9781.083333	NA	NA	NA	NA	7.809947	7.571474	7.239215	9.327279	NA	NA	7.407014	9.188206	NA	NA	NA	NA	0.238473	-2.088064	NA	-1.781191	NA	NA	0.126920	-0.706691	NA	0.314568	NA	NA	
31047.000000	NA	NA	1393.000000	11095.250000	NA	NA	1221.666667	11245.500000	NA	NA	NA	NA	NA	NA	7.239215	9.314272	NA	NA	7.107971	9.327723	NA	NA	NA	NA	NA	-2.075057	NA	-2.219752	NA	NA	NA	-0.697718	NA	-0.004678	NA	NA	
31060.000000	NA	NA	NA	NA	NA	NA	738.083333	13367.000000	NA	NA	NA	NA	NA	NA	NA	NA	NA	NA	6.604057	9.500544	NA	NA	NA	NA	NA	NA	NA	-2.896488	NA	NA	NA	NA	NA	-0.497301	NA	NA	
31100.000000	NA	NA	NA	NA	228.000000	3210.650000	738.083333	17813.833333	228.000000	16551.454545	NA	NA	NA	NA	NA	NA	5.429346	8.074229	6.604057	9.787731	5.429346	9.714229	NA	NA	NA	NA	-2.644883	-3.183674	-4.284884	NA	NA	NA	-0.099062	-0.706355	0.125205	NA	
31516.000000	233.000000	328.666667	233.000000	10694.142857	NA	NA	NA	NA	NA	NA	NA	NA	5.451038	5.795044	5.451038	9.277451	NA	NA	NA	NA	NA	NA	NA	NA	-0.344006	-3.826413	NA	NA	NA	NA	-0.183087	-1.906013	NA	NA	NA	NA	
31566.000000	NA	NA	26.250000	10602.500000	NA	NA	NA	NA	NA	NA	NA	NA	NA	NA	3.267666	9.268845	NA	NA	NA	NA	NA	NA	NA	NA	NA	-6.001179	NA	NA	NA	NA	NA	-3.406429	NA	NA	NA	NA	
31567.000000	NA	NA	27.000000	11361.714286	NA	NA	NA	NA	NA	NA	NA	NA	NA	NA	3.295837	9.338005	NA	NA	NA	NA	NA	NA	NA	NA	NA	-6.042168	NA	NA	NA	NA	NA	-3.434708	NA	NA	NA	NA	
31569.000000	NA	NA	9.000000	10176.562500	NA	NA	1898.500000	17813.833333	NA	NA	NA	NA	NA	NA	2.197225	9.227843	NA	NA	7.548819	9.787731	NA	NA	NA	NA	NA	-7.030618	NA	-2.238911	NA	NA	NA	-4.116660	NA	-0.018625	NA	NA	
31585.000000	NA	NA	1889.500000	10646.875000	NA	NA	1895.500000	17813.833333	1889.500000	16580.625000	NA	NA	NA	NA	7.544068	9.273022	NA	NA	7.547238	9.787731	7.544068	9.715990	NA	NA	NA	-1.728954	NA	-2.240493	-2.171923	NA	NA	-0.458934	NA	-0.019776	1.330552	NA	
35348.000000	NA	NA	1882.000000	13481.666667	NA	NA	NA	NA	NA	NA	NA	NA	NA	NA	7.540090	9.509086	NA	NA	NA	NA	NA	NA	NA	NA	NA	-1.968996	NA	NA	NA	NA	NA	-0.624543	NA	NA	NA	NA	
35349.000000	NA	NA	NA	NA	NA	NA	NA	NA	NA	NA	NA	NA	NA	NA	NA	NA	NA	NA	NA	NA	NA	NA	NA	NA	NA	NA	NA	NA	NA	NA	NA	NA	NA	NA	NA	NA	
37087.000000	871.500000	14572.000000	871.500000	12033.416667	871.500000	10543.928571	NA	NA	NA	NA	NA	NA	6.770216	9.586857	6.770216	9.395443	6.770216	9.263305	NA	NA	NA	NA	NA	NA	-2.816641	-2.625227	-2.493090	NA	NA	NA	-1.499073	-1.077291	0.009466	NA	NA	NA	
37092.000000	NA	NA	NA	NA	NA	NA	NA	NA	NA	NA	NA	NA	NA	NA	NA	NA	NA	NA	NA	NA	NA	NA	NA	NA	NA	NA	NA	NA	NA	NA	NA	NA	NA	NA	NA	NA	
37096.000000	22.500000	7317.250000	NA	NA	22.500000	14580.555556	22.500000	13898.000000	NA	NA	NA	NA	3.113515	8.897990	NA	NA	3.113515	9.587444	3.113515	9.539500	NA	NA	NA	NA	-5.784475	NA	-6.473929	-6.425985	NA	NA	-3.078614	NA	-2.836715	-3.066564	NA	NA	
37137.000000	NA	NA	35.500000	12520.833333	NA	NA	NA	NA	NA	NA	NA	NA	NA	NA	3.569533	9.435149	NA	NA	NA	NA	NA	NA	NA	NA	NA	-5.865617	NA	NA	NA	NA	NA	-3.312901	NA	NA	NA	NA	
37167.000000	NA	NA	6390.500000	17559.800000	NA	NA	6390.500000	18975.250000	NA	NA	NA	NA	NA	NA	8.762568	9.773367	NA	NA	8.762568	9.850891	NA	NA	NA	NA	NA	-1.010800	NA	-1.088323	NA	NA	NA	0.036536	NA	0.818935	NA	NA	
49918.000000	NA	NA	NA	NA	NA	NA	NA	NA	NA	NA	NA	NA	NA	NA	NA	NA	NA	NA	NA	NA	NA	NA	NA	NA	NA	NA	NA	NA	NA	NA	NA	NA	NA	NA	NA	NA	
49921.000000	NA	NA	NA	NA	NA	NA	NA	NA	NA	NA	NA	NA	NA	NA	NA	NA	NA	NA	NA	NA	NA	NA	NA	NA	NA	NA	NA	NA	NA	NA	NA	NA	NA	NA	NA	NA	
50077.000000	NA	NA	NA	NA	NA	NA	NA	NA	NA	NA	NA	NA	NA	NA	NA	NA	NA	NA	NA	NA	NA	NA	NA	NA	NA	NA	NA	NA	NA	NA	NA	NA	NA	NA	NA	NA	
50089.000000	NA	NA	NA	NA	NA	NA	NA	NA	NA	NA	NA	NA	NA	NA	NA	NA	NA	NA	NA	NA	NA	NA	NA	NA	NA	NA	NA	NA	NA	NA	NA	NA	NA	NA	NA	NA	
51708.000000	NA	NA	838.000000	12900.500000	NA	NA	870.500000	14451.166667	NA	NA	NA	NA	NA	NA	6.731018	9.465021	NA	NA	6.769068	9.578530	NA	NA	NA	NA	NA	-2.734003	NA	-2.809463	NA	NA	NA	-1.152338	NA	-0.433952	NA	NA	
51765.000000	30.500000	1680.000000	NA	NA	NA	NA	311.833333	20708.333333	NA	NA	NA	NA	3.417727	7.426549	NA	NA	NA	NA	5.742469	9.938291	NA	NA	NA	NA	-4.008822	NA	NA	-4.195823	NA	NA	-2.133576	NA	NA	-1.443139	NA	NA	
51769.000000	NA	NA	4.000000	11937.071429	4.000000	2876.071429	NA	NA	NA	NA	NA	NA	NA	NA	1.386294	9.387404	1.386294	7.964181	NA	NA	NA	NA	NA	NA	NA	-8.001110	-6.577886	NA	NA	NA	NA	-4.786222	-2.911041	NA	NA	NA	
51773.000000	NA	NA	NA	NA	3.500000	5993.071429	NA	NA	NA	NA	NA	NA	NA	NA	NA	NA	1.252763	8.698359	NA	NA	NA	NA	NA	NA	NA	NA	-7.445596	NA	NA	NA	NA	NA	-3.531428	NA	NA	NA	
51776.000000	NA	NA	1763.250000	10408.666667	1122.000000	7712.100000	NA	NA	NA	NA	NA	NA	NA	NA	7.474914	9.250394	7.022868	8.950546	NA	NA	NA	NA	NA	NA	NA	-1.775480	-1.927678	NA	NA	NA	NA	-0.491033	0.413718	NA	NA	NA	
54017.000000	NA	NA	2404.500000	16285.250000	NA	NA	NA	NA	NA	NA	NA	NA	NA	NA	7.785097	9.698015	NA	NA	NA	NA	NA	NA	NA	NA	NA	-1.912918	NA	NA	NA	NA	NA	-0.585854	NA	NA	NA	NA	
54341.000000	NA	NA	181.500000	19080.200000	181.500000	5214.125000	NA	NA	NA	NA	NA	NA	NA	NA	5.201256	9.856406	5.201256	8.559127	NA	NA	NA	NA	NA	NA	NA	-4.655151	-3.357871	NA	NA	NA	NA	-2.477776	-0.608827	NA	NA	NA	
54380.000000	NA	NA	NA	NA	NA	NA	73.000000	4049.125000	73.000000	5444.500000	NA	NA	NA	NA	NA	NA	NA	NA	4.290459	8.306256	4.290459	8.602361	NA	NA	NA	NA	NA	-4.015797	-4.311902	NA	NA	NA	NA	-1.312091	0.109793	NA	
54487.000000	42.000000	1399.333333	NA	NA	NA	NA	NA	NA	NA	NA	NA	NA	3.737670	7.243751	NA	NA	NA	NA	NA	NA	NA	NA	NA	NA	-3.506082	NA	NA	NA	NA	NA	-1.866008	NA	NA	NA	NA	NA	
54571.000000	NA	NA	415.500000	13569.416667	225.000000	5050.681818	NA	NA	NA	NA	NA	NA	NA	NA	6.029483	9.515574	5.416100	8.527279	NA	NA	NA	NA	NA	NA	NA	-3.486091	-3.111178	NA	NA	NA	NA	-1.671218	-0.432449	NA	NA	NA	
54937.000000	NA	NA	303.000000	11633.428571	190.500000	4056.357143	NA	NA	NA	NA	NA	NA	NA	NA	5.713733	9.361638	5.249652	8.308041	NA	NA	NA	NA	NA	NA	NA	-3.647905	-3.058388	NA	NA	NA	NA	-1.782857	-0.394706	NA	NA	NA	
54952.000000	NA	NA	NA	NA	NA	NA	NA	NA	NA	NA	NA	NA	NA	NA	NA	NA	NA	NA	NA	NA	NA	NA	NA	NA	NA	NA	NA	NA	NA	NA	NA	NA	NA	NA	NA	NA	
55097.000000	NA	NA	88.000000	16980.000000	NA	NA	NA	NA	NA	NA	NA	NA	NA	NA	4.477337	9.739791	NA	NA	NA	NA	NA	NA	NA	NA	NA	-5.262455	NA	NA	NA	NA	NA	-2.896768	NA	NA	NA	NA	
55128.000000	NA	NA	NA	NA	NA	NA	615.000000	3756.666667	615.000000	7548.000000	NA	NA	NA	NA	NA	NA	NA	NA	6.421622	8.231287	6.421622	8.929038	NA	NA	NA	NA	NA	-1.809665	-2.507416	NA	NA	NA	NA	0.293841	1.139169	NA	
56327.000000	NA	NA	945.500000	14434.357143	NA	NA	NA	NA	NA	NA	NA	NA	NA	NA	6.851714	9.577367	NA	NA	NA	NA	NA	NA	NA	NA	NA	-2.725653	NA	NA	NA	NA	NA	-1.146576	NA	NA	NA	NA	
57019.000000	NA	NA	NA	NA	754.500000	5714.000000	NA	NA	NA	NA	NA	NA	NA	NA	NA	NA	6.626055	8.650675	NA	NA	NA	NA	NA	NA	NA	NA	-2.024619	NA	NA	NA	NA	NA	0.344408	NA	NA	NA	
57836.000000	NA	NA	414.000000	12436.375000	NA	NA	796.500000	3596.388889	NA	NA	NA	NA	NA	NA	6.025866	9.428381	NA	NA	6.680227	8.187686	NA	NA	NA	NA	NA	-3.402515	NA	-1.507458	NA	NA	NA	-1.613558	NA	0.513829	NA	NA	
57847.000000	NA	NA	382.500000	14041.571429	NA	NA	796.500000	3596.388889	NA	NA	NA	NA	NA	NA	5.946729	9.549778	NA	NA	6.680227	8.187686	NA	NA	NA	NA	NA	-3.603049	NA	-1.507458	NA	NA	NA	-1.751910	NA	0.513829	NA	NA	
58601.000000	NA	NA	NA	NA	NA	NA	401.500000	1606.600000	NA	NA	NA	NA	NA	NA	NA	NA	NA	NA	5.995208	7.381875	NA	NA	NA	NA	NA	NA	NA	-1.386668	NA	NA	NA	NA	NA	0.601757	NA	NA	
58650.000000	NA	NA	NA	NA	51.000000	4731.818182	NA	NA	NA	NA	NA	NA	NA	NA	NA	NA	3.931826	8.462065	NA	NA	NA	NA	NA	NA	NA	NA	-4.530239	NA	NA	NA	NA	NA	-1.447035	NA	NA	NA	
58703.000000	NA	NA	NA	NA	NA	NA	27.000000	762.700000	NA	NA	NA	NA	NA	NA	NA	NA	NA	NA	3.295837	6.636865	NA	NA	NA	NA	NA	NA	NA	-3.341028	NA	NA	NA	NA	NA	-0.820900	NA	NA	
58704.000000	NA	NA	NA	NA	NA	NA	0.500000	40.666667	5.000000	7548.000000	NA	NA	NA	NA	NA	NA	NA	NA	-0.693147	3.705409	1.609438	8.929038	NA	NA	NA	NA	NA	-4.398556	-7.319600	NA	NA	NA	NA	-1.590717	-1.605961	NA	
58713.000000	NA	NA	NA	NA	7.000000	4596.000000	2.500000	611.000000	NA	NA	NA	NA	NA	NA	NA	NA	1.945910	8.432942	0.916291	6.415097	NA	NA	NA	NA	NA	NA	-6.487031	-5.498806	NA	NA	NA	NA	-2.846083	-2.391633	NA	NA	
58718.000000	NA	NA	NA	NA	NA	NA	NA	NA	NA	NA	NA	NA	NA	NA	NA	NA	NA	NA	NA	NA	NA	NA	NA	NA	NA	NA	NA	NA	NA	NA	NA	NA	NA	NA	NA	NA	
59102.000000	NA	NA	NA	NA	NA	NA	193.500000	611.000000	NA	NA	NA	NA	NA	NA	NA	NA	NA	NA	5.265278	6.415097	NA	NA	NA	NA	NA	NA	NA	-1.149819	NA	NA	NA	NA	NA	0.774169	NA	NA	
59105.000000	NA	NA	NA	NA	111.000000	6097.857143	NA	NA	NA	NA	NA	NA	NA	NA	NA	NA	4.709530	8.715693	NA	NA	NA	NA	NA	NA	NA	NA	-4.006162	NA	NA	NA	NA	NA	-1.072336	NA	NA	NA	
59324.000000	NA	NA	NA	NA	NA	NA	NA	NA	NA	NA	NA	NA	NA	NA	NA	NA	NA	NA	NA	NA	NA	NA	NA	NA	NA	NA	NA	NA	NA	NA	NA	NA	NA	NA	NA	NA	
59350.000000	3772.000000	8463.000000	NA	NA	NA	NA	3772.000000	7314.571429	3772.000000	8441.750000	NA	NA	8.235361	9.043459	NA	NA	NA	NA	8.235361	8.897624	8.235361	9.040945	NA	NA	-0.808098	NA	NA	-0.662263	-0.805584	NA	-0.430086	NA	NA	1.129081	2.109986	NA	
66868.000000	NA	NA	NA	NA	NA	NA	NA	NA	NA	NA	NA	NA	NA	NA	NA	NA	NA	NA	NA	NA	NA	NA	NA	NA	NA	NA	NA	NA	NA	NA	NA	NA	NA	NA	NA	NA	
66892.000000	NA	NA	NA	NA	NA	NA	31.000000	5565.100000	NA	NA	NA	NA	NA	NA	NA	NA	NA	NA	3.433987	8.624270	NA	NA	NA	NA	NA	NA	NA	-5.190283	NA	NA	NA	NA	NA	-2.167047	NA	NA	
66930.000000	NA	NA	NA	NA	NA	NA	NA	NA	NA	NA	NA	NA	NA	NA	NA	NA	NA	NA	NA	NA	NA	NA	NA	NA	NA	NA	NA	NA	NA	NA	NA	NA	NA	NA	NA	NA	
66938.000000	NA	NA	102.500000	19455.800000	NA	NA	NA	NA	NA	NA	NA	NA	NA	NA	4.629863	9.875901	NA	NA	NA	NA	NA	NA	NA	NA	NA	-5.246038	NA	NA	NA	NA	NA	-2.885441	NA	NA	NA	NA	
67135.000000	NA	NA	109.000000	11727.437500	NA	NA	NA	NA	NA	NA	NA	NA	NA	NA	4.691348	9.369686	NA	NA	NA	NA	NA	NA	NA	NA	NA	-4.678339	NA	NA	NA	NA	NA	-2.493774	NA	NA	NA	NA	
67156.000000	16.000000	7102.750000	NA	NA	NA	NA	NA	NA	NA	NA	NA	NA	2.772589	8.868237	NA	NA	NA	NA	NA	NA	NA	NA	NA	NA	-6.095649	NA	NA	NA	NA	NA	-3.244227	NA	NA	NA	NA	NA	
67167.000000	NA	NA	1460.500000	24011.875000	1460.500000	8474.100000	1460.500000	5677.285714	1460.500000	3448.100000	NA	NA	NA	NA	7.286534	10.086304	7.286534	9.044770	7.286534	8.644229	7.286534	8.145579	NA	NA	NA	-2.799770	-1.758236	-1.357694	-0.859045	NA	NA	-1.197711	0.534864	0.622848	2.079489	NA	
70077.000000	NA	NA	NA	NA	NA	NA	NA	NA	NA	NA	NA	NA	NA	NA	NA	NA	NA	NA	NA	NA	NA	NA	NA	NA	NA	NA	NA	NA	NA	NA	NA	NA	NA	NA	NA	NA	
70093.000000	71.000000	1443.666667	NA	NA	NA	NA	71.000000	7850.388889	NA	NA	NA	NA	4.262680	7.274941	NA	NA	NA	NA	4.262680	8.968318	NA	NA	NA	NA	-3.012262	NA	NA	-4.705638	NA	NA	-1.603187	NA	NA	-1.814255	NA	NA	
70219.000000	NA	NA	NA	NA	NA	NA	NA	NA	NA	NA	NA	NA	NA	NA	NA	NA	NA	NA	NA	NA	NA	NA	NA	NA	NA	NA	NA	NA	NA	NA	NA	NA	NA	NA	NA	NA	
70257.000000	552.500000	2196.125000	NA	NA	NA	NA	NA	NA	NA	NA	NA	NA	6.314453	7.694450	NA	NA	NA	NA	NA	NA	NA	NA	NA	NA	-1.379996	NA	NA	NA	NA	NA	-0.734462	NA	NA	NA	NA	NA	
71324.000000	NA	NA	NA	NA	NA	NA	NA	NA	NA	NA	NA	NA	NA	NA	NA	NA	NA	NA	NA	NA	NA	NA	NA	NA	NA	NA	NA	NA	NA	NA	NA	NA	NA	NA	NA	NA	
71345.000000	53.500000	1174.666667	53.500000	11811.111111	53.500000	7043.727273	NA	NA	NA	NA	NA	NA	3.979682	7.068740	3.979682	9.376796	3.979682	8.859893	NA	NA	NA	NA	NA	NA	-3.089058	-5.397114	-4.880211	NA	NA	NA	-1.644059	-2.989672	-1.697254	NA	NA	NA	
71431.000000	NA	NA	NA	NA	NA	NA	NA	NA	NA	NA	NA	NA	NA	NA	NA	NA	NA	NA	NA	NA	NA	NA	NA	NA	NA	NA	NA	NA	NA	NA	NA	NA	NA	NA	NA	NA	
73636.000000	1940.000000	3305.125000	NA	NA	1940.000000	8507.800000	1940.000000	9704.250000	NA	NA	NA	NA	7.570443	8.103230	NA	NA	7.570443	9.048739	7.570443	9.180319	NA	NA	NA	NA	-0.532786	NA	-1.478295	-1.609876	NA	NA	-0.283560	NA	0.735013	0.439275	NA	NA	
75311.000000	NA	NA	NA	NA	844.000000	7105.541667	1413.500000	4476.285714	844.000000	8625.214286	NA	NA	NA	NA	NA	NA	6.738152	8.868630	7.253824	8.406549	6.738152	9.062445	NA	NA	NA	NA	-2.130478	-1.152725	-2.324293	NA	NA	NA	0.268722	0.772054	1.243632	NA	
75324.000000	NA	NA	NA	NA	NA	NA	710.166667	14857.500000	NA	NA	NA	NA	NA	NA	NA	NA	NA	NA	6.565500	9.606260	NA	NA	NA	NA	NA	NA	NA	-3.040760	NA	NA	NA	NA	NA	-0.602323	NA	NA	
76450.000000	NA	NA	NA	NA	NA	NA	NA	NA	NA	NA	NA	NA	NA	NA	NA	NA	NA	NA	NA	NA	NA	NA	NA	NA	NA	NA	NA	NA	NA	NA	NA	NA	NA	NA	NA	NA	
76471.000000	NA	NA	12.000000	15585.142857	NA	NA	NA	NA	NA	NA	NA	NA	NA	NA	2.484907	9.654073	NA	NA	NA	NA	NA	NA	NA	NA	NA	-7.169167	NA	NA	NA	NA	NA	-4.212247	NA	NA	NA	NA	
76474.000000	1.500000	3099.750000	4576.000000	17403.428571	NA	NA	4576.000000	14142.200000	NA	NA	NA	NA	0.405465	8.039077	8.428581	9.764423	NA	NA	8.428581	9.556919	NA	NA	NA	NA	-7.633612	-1.335842	NA	-1.128338	NA	NA	-4.062762	-0.187718	NA	0.789806	NA	NA	
85623.000000	NA	NA	NA	NA	NA	NA	NA	NA	NA	NA	NA	NA	NA	NA	NA	NA	NA	NA	NA	NA	NA	NA	NA	NA	NA	NA	NA	NA	NA	NA	NA	NA	NA	NA	NA	NA	
86000.000000	NA	NA	NA	NA	426.000000	9232.555556	NA	NA	NA	NA	NA	NA	NA	NA	NA	NA	6.054439	9.130491	NA	NA	NA	NA	NA	NA	NA	NA	-3.076052	NA	NA	NA	NA	NA	-0.407335	NA	NA	NA	
86475.000000	241.500000	322.000000	NA	NA	NA	NA	NA	NA	NA	NA	NA	NA	5.486869	5.774552	NA	NA	NA	NA	NA	NA	NA	NA	NA	NA	-0.287682	NA	NA	NA	NA	NA	-0.153110	NA	NA	NA	NA	NA	
86483.000000	NA	NA	NA	NA	NA	NA	NA	NA	NA	NA	NA	NA	NA	NA	NA	NA	NA	NA	NA	NA	NA	NA	NA	NA	NA	NA	NA	NA	NA	NA	NA	NA	NA	NA	NA	NA	
86489.000000	3.000000	4.000000	NA	NA	102.500000	5299.461538	NA	NA	NA	NA	NA	NA	1.098612	1.386294	NA	NA	4.629863	8.575360	NA	NA	NA	NA	NA	NA	-0.287682	NA	-3.945498	NA	NA	NA	-0.153110	NA	-1.028962	NA	NA	NA	
86688.000000	NA	NA	NA	NA	NA	NA	NA	NA	NA	NA	NA	NA	NA	NA	NA	NA	NA	NA	NA	NA	NA	NA	NA	NA	NA	NA	NA	NA	NA	NA	NA	NA	NA	NA	NA	NA	
86779.000000	320.500000	400.625000	320.500000	8863.312500	320.500000	2912.541667	320.500000	12644.750000	NA	NA	NA	NA	5.769882	5.993026	5.769882	9.089676	5.769882	7.976781	5.769882	9.444997	NA	NA	NA	NA	-0.223144	-3.319794	-2.206899	-3.675115	NA	NA	-0.118762	-1.556486	0.214083	-1.064095	NA	NA	
87329.000000	NA	NA	488.500000	10047.357143	NA	NA	NA	NA	NA	NA	NA	NA	NA	NA	6.191339	9.215065	NA	NA	NA	NA	NA	NA	NA	NA	NA	-3.023725	NA	NA	NA	NA	NA	-1.352223	NA	NA	NA	NA	
87756.000000	22.500000	572.333333	NA	NA	NA	NA	NA	NA	NA	NA	NA	NA	3.113515	6.349722	NA	NA	NA	NA	NA	NA	NA	NA	NA	NA	-3.236206	NA	NA	NA	NA	NA	-1.722374	NA	NA	NA	NA	NA	
87801.000000	NA	NA	71.500000	8442.428571	371.000000	1436.555556	71.500000	5269.071429	NA	NA	NA	NA	NA	NA	4.269697	9.041025	5.916202	7.270004	4.269697	8.569609	NA	NA	NA	NA	NA	-4.771328	-1.353801	-4.299912	NA	NA	NA	-2.557929	0.824023	-1.518910	NA	NA	
87899.000000	NA	NA	299.500000	6860.944444	371.000000	1220.136364	783.500000	4054.388889	NA	NA	NA	NA	NA	NA	5.702114	8.833600	5.916202	7.106718	6.663771	8.307555	NA	NA	NA	NA	NA	-3.131486	-1.190516	-1.643784	NA	NA	NA	-1.426569	0.940767	0.414592	NA	NA	
88400.000000	NA	NA	NA	NA	350.000000	1156.555556	459.500000	16014.000000	NA	NA	NA	NA	NA	NA	NA	NA	5.857933	7.053202	6.130139	9.681219	NA	NA	NA	NA	NA	NA	-1.195268	-3.551080	NA	NA	NA	NA	0.937369	-0.973805	NA	NA	
88599.000000	NA	NA	NA	NA	111.000000	1090.400000	541.625000	11622.166667	NA	NA	NA	NA	NA	NA	NA	NA	4.709530	6.994300	6.294574	9.360669	NA	NA	NA	NA	NA	NA	-2.284770	-3.066096	NA	NA	NA	NA	0.158408	-0.620766	NA	NA	
88622.000000	23.000000	1492.000000	NA	NA	NA	NA	783.500000	4284.500000	NA	NA	NA	NA	3.135494	7.307873	NA	NA	NA	NA	6.663771	8.362759	NA	NA	NA	NA	-4.172379	NA	NA	-1.698988	NA	NA	-2.220624	NA	NA	0.374407	NA	NA	
88645.000000	NA	NA	NA	NA	NA	NA	NA	NA	NA	NA	NA	NA	NA	NA	NA	NA	NA	NA	NA	NA	NA	NA	NA	NA	NA	NA	NA	NA	NA	NA	NA	NA	NA	NA	NA	NA	
88900.000000	NA	NA	NA	NA	184.000000	690.583333	184.000000	4284.500000	NA	NA	NA	NA	NA	NA	NA	NA	5.214936	6.537537	5.214936	8.362759	NA	NA	NA	NA	NA	NA	-1.322601	-3.147823	NA	NA	NA	NA	0.846330	-0.680258	NA	NA	
89013.000000	134.000000	813.000000	NA	NA	NA	NA	NA	NA	NA	NA	NA	NA	4.897840	6.700731	NA	NA	NA	NA	NA	NA	NA	NA	NA	NA	-1.802891	NA	NA	NA	NA	NA	-0.959535	NA	NA	NA	NA	NA	
89168.000000	NA	NA	NA	NA	NA	NA	NA	NA	NA	NA	NA	NA	NA	NA	NA	NA	NA	NA	NA	NA	NA	NA	NA	NA	NA	NA	NA	NA	NA	NA	NA	NA	NA	NA	NA	NA	
89357.000000	211.000000	563.000000	NA	NA	NA	NA	NA	NA	NA	NA	NA	NA	5.351858	6.333280	NA	NA	NA	NA	NA	NA	NA	NA	NA	NA	-0.981421	NA	NA	NA	NA	NA	-0.522332	NA	NA	NA	NA	NA	
89428.000000	211.000000	996.000000	NA	NA	81.000000	978.250000	81.000000	7180.100000	NA	NA	NA	NA	5.351858	6.903747	NA	NA	4.394449	6.885765	4.394449	8.879069	NA	NA	NA	NA	-1.551889	NA	-2.491316	-4.484619	NA	NA	-0.825947	NA	0.010734	-1.653366	NA	NA	
89519.000000	NA	NA	54.500000	7071.500000	NA	NA	500.500000	3910.388889	NA	NA	NA	NA	NA	NA	3.998201	8.863828	NA	NA	6.215608	8.271392	NA	NA	NA	NA	NA	-4.865627	NA	-2.055785	NA	NA	NA	-2.622988	NA	0.114680	NA	NA	
89537.000000	NA	NA	NA	NA	NA	NA	455.083333	11622.166667	NA	NA	NA	NA	NA	NA	NA	NA	NA	NA	6.120481	9.360669	NA	NA	NA	NA	NA	NA	NA	-3.240189	NA	NA	NA	NA	NA	-0.747495	NA	NA	
90411.000000	NA	NA	664.000000	7234.928571	NA	NA	NA	NA	NA	NA	NA	NA	NA	NA	6.498282	8.886676	NA	NA	NA	NA	NA	NA	NA	NA	NA	-2.388394	NA	NA	NA	NA	NA	-0.913895	NA	NA	NA	NA	
90865.000000	NA	NA	241.000000	2994.000000	NA	NA	291.500000	11622.166667	NA	NA	NA	NA	NA	NA	5.484797	8.004366	NA	NA	5.675040	9.360669	NA	NA	NA	NA	NA	-2.519569	NA	-3.685629	NA	NA	NA	-1.004395	NA	-1.071749	NA	NA	
90893.000000	NA	NA	NA	NA	NA	NA	493.500000	4194.222222	NA	NA	NA	NA	NA	NA	NA	NA	NA	NA	6.201523	8.341463	NA	NA	NA	NA	NA	NA	NA	-2.139940	NA	NA	NA	NA	NA	0.053420	NA	NA	
90942.000000	NA	NA	NA	NA	NA	NA	493.500000	4194.222222	NA	NA	NA	NA	NA	NA	NA	NA	NA	NA	6.201523	8.341463	NA	NA	NA	NA	NA	NA	NA	-2.139940	NA	NA	NA	NA	NA	0.053420	NA	NA	
91321.000000	NA	NA	NA	NA	NA	NA	NA	NA	NA	NA	NA	NA	NA	NA	NA	NA	NA	NA	NA	NA	NA	NA	NA	NA	NA	NA	NA	NA	NA	NA	NA	NA	NA	NA	NA	NA	
91338.000000	42.500000	85.000000	104.000000	2683.375000	NA	NA	42.500000	8923.375000	NA	NA	NA	NA	3.749504	4.442651	4.644391	7.894831	NA	NA	3.749504	9.096430	NA	NA	NA	NA	-0.693147	-3.250440	NA	-5.346925	NA	NA	-0.368907	-1.508638	NA	-2.281073	NA	NA	
91406.000000	61.500000	116.875000	104.000000	3063.357143	NA	NA	61.500000	154.285714	NA	NA	NA	NA	4.119037	4.761105	4.644391	8.027267	NA	NA	4.119037	5.038806	NA	NA	NA	NA	-0.642068	-3.382876	NA	-0.919769	NA	NA	-0.341721	-1.600008	NA	0.941632	NA	NA	
91461.000000	NA	NA	NA	NA	NA	NA	99.000000	371.625000	NA	NA	NA	NA	NA	NA	NA	NA	NA	NA	4.595120	5.917885	NA	NA	NA	NA	NA	NA	NA	-1.322765	NA	NA	NA	NA	NA	0.648274	NA	NA	
91604.000000	NA	NA	NA	NA	NA	NA	143.500000	291.777778	143.500000	310.750000	NA	NA	NA	NA	NA	NA	NA	NA	4.966335	5.675992	4.966335	5.738989	NA	NA	NA	NA	NA	-0.709657	-0.772654	NA	NA	NA	NA	1.094580	2.128771	NA	
91748.000000	262.000000	839.000000	NA	NA	262.000000	1188.400000	166.500000	324.800000	NA	NA	NA	NA	5.568345	6.732211	NA	NA	5.568345	7.080363	5.114995	5.783210	NA	NA	NA	NA	-1.163866	NA	-1.512019	-0.668214	NA	NA	-0.619433	NA	0.710902	1.124749	NA	NA	
91937.000000	262.000000	376.875000	NA	NA	262.000000	988.909091	105.500000	217.333333	NA	NA	NA	NA	5.568345	5.931914	NA	NA	5.568345	6.896602	4.658711	5.381432	NA	NA	NA	NA	-0.363569	NA	-1.328258	-0.722721	NA	NA	-0.193499	NA	0.842286	1.085071	NA	NA	
91939.000000	NA	NA	NA	NA	NA	NA	33.875000	339.166667	NA	NA	NA	NA	NA	NA	NA	NA	NA	NA	3.522677	5.826492	NA	NA	NA	NA	NA	NA	NA	-2.303814	NA	NA	NA	NA	NA	-0.065870	NA	NA	
91948.000000	75.500000	338.875000	NA	NA	19.500000	539.714286	NA	NA	NA	NA	NA	NA	4.324133	5.825631	NA	NA	2.970414	6.291040	NA	NA	NA	NA	NA	NA	-1.501499	NA	-3.320625	NA	NA	NA	-0.799128	NA	-0.582197	NA	NA	NA	
91978.000000	75.500000	658.250000	NA	NA	NA	NA	NA	NA	NA	NA	NA	NA	4.324133	6.489585	NA	NA	NA	NA	NA	NA	NA	NA	NA	NA	-2.165452	NA	NA	NA	NA	NA	-1.152497	NA	NA	NA	NA	NA	
91984.000000	75.500000	348.125000	NA	NA	NA	NA	NA	NA	NA	NA	NA	NA	4.324133	5.852562	NA	NA	NA	NA	NA	NA	NA	NA	NA	NA	-1.528429	NA	NA	NA	NA	NA	-0.813461	NA	NA	NA	NA	NA	
92054.000000	NA	NA	60.000000	2637.375000	NA	NA	NA	NA	60.000000	919.000000	NA	NA	NA	NA	4.094345	7.877539	NA	NA	NA	NA	4.094345	6.823286	NA	NA	NA	-3.783195	NA	NA	-2.728942	NA	NA	-1.876196	NA	NA	1.012799	NA	
92104.000000	364.000000	364.875000	NA	NA	NA	NA	NA	NA	NA	NA	NA	NA	5.897154	5.899555	NA	NA	NA	NA	NA	NA	NA	NA	NA	NA	-0.002401	NA	NA	NA	NA	NA	-0.001278	NA	NA	NA	NA	NA	
92197.000000	364.000000	658.250000	NA	NA	NA	NA	NA	NA	NA	NA	NA	NA	5.897154	6.489585	NA	NA	NA	NA	NA	NA	NA	NA	NA	NA	-0.592431	NA	NA	NA	NA	NA	-0.315304	NA	NA	NA	NA	NA	
92443.000000	364.000000	361.666667	167.000000	3036.928571	167.000000	1401.227273	359.000000	928.375000	NA	NA	NA	NA	5.897154	5.890723	5.117994	8.018602	5.117994	7.245104	5.883322	6.833436	NA	NA	NA	NA	0.006431	-2.900608	-2.127110	-0.950113	NA	NA	0.003423	-1.267282	0.271130	0.919543	NA	NA	
92531.000000	NA	NA	NA	NA	NA	NA	359.000000	928.375000	NA	NA	NA	NA	NA	NA	NA	NA	NA	NA	5.883322	6.833436	NA	NA	NA	NA	NA	NA	NA	-0.950113	NA	NA	NA	NA	NA	0.919543	NA	NA	
92827.000000	292.500000	390.000000	292.500000	3451.083333	NA	NA	NA	NA	NA	NA	NA	NA	5.678465	5.966147	5.678465	8.146443	NA	NA	NA	NA	NA	NA	NA	NA	-0.287682	-2.467979	NA	NA	NA	NA	-0.153110	-0.968802	NA	NA	NA	NA	
93116.000000	NA	NA	195.000000	2794.062500	NA	NA	227.200000	660.500000	195.000000	888.500000	NA	NA	NA	NA	5.273000	7.935252	NA	NA	5.425831	6.492997	5.273000	6.789535	NA	NA	NA	-2.662252	NA	-1.067166	-1.516535	NA	NA	-1.102835	NA	0.834335	1.704421	NA	
93217.000000	NA	NA	80.500000	2841.333333	NA	NA	145.500000	486.666667	NA	NA	NA	NA	NA	NA	4.388257	7.952029	NA	NA	4.980176	6.187579	NA	NA	NA	NA	NA	-3.563772	NA	-1.207403	NA	NA	NA	-1.724812	NA	0.732251	NA	NA	
93277.000000	124.000000	485.000000	124.000000	3481.357143	NA	NA	NA	NA	NA	NA	NA	NA	4.820282	6.184149	4.820282	8.155177	NA	NA	NA	NA	NA	NA	NA	NA	-1.363867	-3.334896	NA	NA	NA	NA	-0.725878	-1.566906	NA	NA	NA	NA	
93465.000000	NA	NA	NA	NA	NA	NA	NA	NA	NA	NA	NA	NA	NA	NA	NA	NA	NA	NA	NA	NA	NA	NA	NA	NA	NA	NA	NA	NA	NA	NA	NA	NA	NA	NA	NA	NA	
93601.000000	NA	NA	243.500000	3502.500000	243.500000	2249.777778	NA	NA	NA	NA	NA	NA	NA	NA	5.495117	8.161232	5.495117	7.718587	NA	NA	NA	NA	NA	NA	NA	-2.666115	-2.223470	NA	NA	NA	NA	-1.105500	0.202236	NA	NA	NA	
93952.000000	NA	NA	NA	NA	855.000000	1984.038462	NA	NA	NA	NA	NA	NA	NA	NA	NA	NA	6.751101	7.592890	NA	NA	NA	NA	NA	NA	NA	NA	-0.841788	NA	NA	NA	NA	NA	1.190097	NA	NA	NA	
95311.000000	NA	NA	718.000000	3857.166667	NA	NA	778.000000	2386.600000	NA	NA	NA	NA	NA	NA	6.576470	8.257688	NA	NA	6.656727	7.777625	NA	NA	NA	NA	NA	-1.681219	NA	-1.120899	NA	NA	NA	-0.426000	NA	0.795222	NA	NA	
95388.000000	592.000000	214.000000	NA	NA	60.000000	1737.916667	470.285714	2938.750000	NA	NA	NA	NA	6.383507	5.365976	NA	NA	4.094345	7.460442	6.153340	7.985740	NA	NA	NA	NA	1.017531	NA	-3.366098	-1.832399	NA	NA	0.541550	NA	-0.614709	0.277292	NA	NA	
95431.000000	592.000000	599.000000	168.000000	3362.785714	NA	NA	NA	NA	NA	NA	NA	NA	6.383507	6.395262	5.123964	8.120525	NA	NA	NA	NA	NA	NA	NA	NA	-0.011755	-2.996561	NA	NA	NA	NA	-0.006256	-1.333482	NA	NA	NA	NA	
95724.000000	592.000000	385.875000	NA	NA	NA	NA	NA	NA	NA	NA	NA	NA	6.383507	5.955513	NA	NA	NA	NA	NA	NA	NA	NA	NA	NA	0.427993	NA	NA	NA	NA	NA	0.227787	NA	NA	NA	NA	NA	
95973.000000	592.000000	500.750000	131.500000	3994.500000	131.500000	1176.727273	131.500000	1741.611111	NA	NA	NA	NA	6.383507	6.216107	4.879007	8.292674	4.879007	7.070492	4.879007	7.462566	NA	NA	NA	NA	0.167400	-3.413667	-2.191486	-2.583559	NA	NA	0.089093	-1.621251	0.225104	-0.269508	NA	NA	
95987.000000	NA	NA	396.500000	3993.500000	NA	NA	NA	NA	NA	NA	NA	NA	NA	NA	5.982676	8.292423	NA	NA	NA	NA	NA	NA	NA	NA	NA	-2.309747	NA	NA	NA	NA	NA	-0.859635	NA	NA	NA	NA	
96766.000000	NA	NA	392.000000	3660.000000	NA	NA	NA	NA	NA	NA	NA	NA	NA	NA	5.971262	8.205218	NA	NA	NA	NA	NA	NA	NA	NA	NA	-2.233957	NA	NA	NA	NA	NA	-0.807345	NA	NA	NA	NA	
96771.000000	NA	NA	NA	NA	NA	NA	154.500000	2219.875000	NA	NA	NA	NA	NA	NA	NA	NA	NA	NA	5.040194	7.705206	NA	NA	NA	NA	NA	NA	NA	-2.665012	NA	NA	NA	NA	NA	-0.328801	NA	NA	
96897.000000	63.000000	94.500000	NA	NA	71.000000	1597.142857	140.583333	2485.000000	71.000000	2271.600000	NA	NA	4.143135	4.548600	NA	NA	4.262680	7.375972	4.945800	7.818028	4.262680	7.728240	NA	NA	-0.405465	NA	-3.113292	-2.872228	-3.465560	NA	-0.215797	NA	-0.433960	-0.479641	0.592592	NA	
96913.000000	NA	NA	NA	NA	NA	NA	181.500000	978.500000	NA	NA	NA	NA	NA	NA	NA	NA	NA	NA	5.201256	6.886021	NA	NA	NA	NA	NA	NA	NA	-1.684765	NA	NA	NA	NA	NA	0.384760	NA	NA	
96987.000000	NA	NA	NA	NA	55.500000	682.576923	NA	NA	NA	NA	NA	NA	NA	NA	NA	NA	4.016383	6.525875	NA	NA	NA	NA	NA	NA	NA	NA	-2.509492	NA	NA	NA	NA	NA	-0.002262	NA	NA	NA	
97024.000000	NA	NA	NA	NA	109.500000	1035.285714	NA	NA	124.090909	91.000000	NA	NA	NA	NA	NA	NA	4.695925	6.942433	NA	NA	4.821014	4.510860	NA	NA	NA	NA	-2.246508	NA	0.310155	NA	NA	NA	0.185764	NA	2.746464	NA	
97206.000000	107.500000	216.000000	NA	NA	NA	NA	198.500000	441.142857	180.300000	433.000000	NA	NA	4.677491	5.375278	NA	NA	NA	NA	5.290789	6.089369	5.194622	6.070738	NA	NA	-0.697788	NA	NA	-0.798580	-0.876116	NA	-0.371377	NA	NA	1.029850	2.069751	NA	
97239.000000	NA	NA	17.000000	3673.000000	NA	NA	NA	NA	NA	NA	NA	NA	NA	NA	2.833213	8.208764	NA	NA	NA	NA	NA	NA	NA	NA	NA	-5.375551	NA	NA	NA	NA	NA	-2.974795	NA	NA	NA	NA	
97240.000000	NA	NA	NA	NA	NA	NA	NA	NA	NA	NA	NA	NA	NA	NA	NA	NA	NA	NA	NA	NA	NA	NA	NA	NA	NA	NA	NA	NA	NA	NA	NA	NA	NA	NA	NA	NA	
97494.000000	NA	NA	154.000000	2048.785714	154.000000	796.666667	NA	NA	NA	NA	NA	NA	NA	NA	5.036953	7.625003	5.036953	6.680436	NA	NA	NA	NA	NA	NA	NA	-2.588050	-1.643484	NA	NA	NA	NA	-1.051642	0.616909	NA	NA	NA	
97548.000000	87.000000	180.000000	NA	NA	39.000000	239.636364	NA	NA	NA	NA	NA	NA	4.465908	5.192957	NA	NA	3.663562	5.479123	NA	NA	NA	NA	NA	NA	-0.727049	NA	-1.815561	NA	NA	NA	-0.386950	NA	0.493878	NA	NA	NA	
97572.000000	60.000000	30.000000	39.500000	4117.916667	NA	NA	30.000000	382.600000	NA	NA	NA	NA	4.094345	3.401197	3.676301	8.323103	NA	NA	3.401197	5.946990	NA	NA	NA	NA	0.693147	-4.646802	NA	-2.545793	NA	NA	0.368907	-2.472016	NA	-0.242016	NA	NA	
97608.000000	61.000000	62.750000	29.000000	3461.142857	NA	NA	77.000000	142.555556	NA	NA	NA	NA	4.110874	4.139159	3.367296	8.149354	NA	NA	4.343805	4.959732	NA	NA	NA	NA	-0.028285	-4.782058	NA	-0.615926	NA	NA	-0.015054	-2.565333	NA	1.162811	NA	NA	
97610.000000	NA	NA	NA	NA	NA	NA	61.166667	399.500000	NA	NA	NA	NA	NA	NA	NA	NA	NA	NA	4.113602	5.990214	NA	NA	NA	NA	NA	NA	NA	-1.876611	NA	NA	NA	NA	NA	0.245108	NA	NA	
97667.000000	NA	NA	217.000000	5158.562500	217.000000	1658.571429	NA	NA	NA	NA	NA	NA	NA	NA	5.379897	8.548413	5.379897	7.413712	NA	NA	NA	NA	NA	NA	NA	-3.168516	-2.033815	NA	NA	NA	NA	-1.452117	0.337834	NA	NA	NA	
98044.000000	NA	NA	NA	NA	NA	NA	NA	NA	NA	NA	NA	NA	NA	NA	NA	NA	NA	NA	NA	NA	NA	NA	NA	NA	NA	NA	NA	NA	NA	NA	NA	NA	NA	NA	NA	NA	
98566.000000	NA	NA	NA	NA	NA	NA	730.500000	1992.800000	NA	NA	NA	NA	NA	NA	NA	NA	NA	NA	6.593729	7.597296	NA	NA	NA	NA	NA	NA	NA	-1.003567	NA	NA	NA	NA	NA	0.880632	NA	NA	
99505.000000	NA	NA	NA	NA	NA	NA	NA	NA	NA	NA	NA	NA	NA	NA	NA	NA	NA	NA	NA	NA	NA	NA	NA	NA	NA	NA	NA	NA	NA	NA	NA	NA	NA	NA	NA	NA	
99598.000000	NA	NA	276.000000	6726.833333	NA	NA	276.000000	2296.300000	276.000000	2978.000000	NA	NA	NA	NA	5.620401	8.813860	NA	NA	5.620401	7.739054	5.620401	7.999007	NA	NA	NA	-3.193459	NA	-2.118654	-2.378606	NA	NA	-1.469326	NA	0.068916	1.212649	NA	
100057.000000	115.500000	77.000000	NA	NA	306.500000	2074.550000	464.000000	2189.444444	NA	NA	NA	NA	4.749271	4.343805	NA	NA	5.725218	7.637500	6.139885	7.691403	NA	NA	NA	NA	0.405465	NA	-1.912282	-1.551519	NA	NA	0.215797	NA	0.424726	0.481756	NA	NA	
100211.000000	234.500000	238.000000	1425.500000	5274.687500	NA	NA	464.000000	2189.444444	NA	NA	NA	NA	5.457456	5.472271	7.262278	8.570675	NA	NA	6.139885	7.691403	NA	NA	NA	NA	-0.014815	-1.308397	NA	-1.551519	NA	NA	-0.007885	-0.168783	NA	0.481756	NA	NA	
100372.000000	NA	NA	1425.500000	4993.437500	NA	NA	NA	NA	NA	NA	NA	NA	NA	NA	7.262278	8.515880	NA	NA	NA	NA	NA	NA	NA	NA	NA	-1.253602	NA	NA	NA	NA	NA	-0.130979	NA	NA	NA	NA	
100583.000000	NA	NA	1185.250000	6899.700000	NA	NA	NA	NA	NA	NA	NA	NA	NA	NA	7.077709	8.839233	NA	NA	NA	NA	NA	NA	NA	NA	NA	-1.761524	NA	NA	NA	NA	NA	-0.481405	NA	NA	NA	NA	
101367.000000	NA	NA	1185.250000	6753.916667	NA	NA	NA	NA	447.500000	2625.562500	NA	NA	NA	NA	7.077709	8.817878	NA	NA	NA	NA	6.103677	7.873050	NA	NA	NA	-1.740169	NA	NA	-1.769374	NA	NA	-0.466671	NA	NA	1.560188	NA	
101478.000000	163.000000	81.500000	1425.500000	6254.500000	137.000000	786.818182	137.000000	1801.318182	NA	NA	NA	NA	5.093750	4.400603	7.262278	8.741056	4.919981	6.667997	4.919981	7.496274	NA	NA	NA	NA	0.693147	-1.478779	-1.748016	-2.576293	NA	NA	0.368907	-0.286333	0.542171	-0.264219	NA	NA	
101641.000000	163.000000	81.500000	NA	NA	149.000000	1476.166667	278.500000	2669.600000	NA	NA	NA	NA	5.093750	4.400603	NA	NA	5.003946	7.297204	5.629418	7.889684	NA	NA	NA	NA	0.693147	NA	-2.293258	-2.260266	NA	NA	0.368907	NA	0.152340	-0.034170	NA	NA	
101776.000000	NA	NA	NA	NA	NA	NA	278.500000	2669.600000	NA	NA	NA	NA	NA	NA	NA	NA	NA	NA	5.629418	7.889684	NA	NA	NA	NA	NA	NA	NA	-2.260266	NA	NA	NA	NA	NA	-0.034170	NA	NA	
101900.000000	NA	NA	1363.000000	5620.277778	NA	NA	1363.000000	2803.000000	NA	NA	NA	NA	NA	NA	7.217443	8.634136	NA	NA	7.217443	7.938446	NA	NA	NA	NA	NA	-1.416693	NA	-0.721002	NA	NA	NA	-0.243498	NA	1.086322	NA	NA	
104502.000000	NA	NA	NA	NA	NA	NA	NA	NA	NA	NA	NA	NA	NA	NA	NA	NA	NA	NA	NA	NA	NA	NA	NA	NA	NA	NA	NA	NA	NA	NA	NA	NA	NA	NA	NA	NA	
104859.000000	204.000000	1139.333333	204.000000	6106.583333	NA	NA	NA	NA	NA	NA	NA	NA	5.318120	7.038199	5.318120	8.717123	NA	NA	NA	NA	NA	NA	NA	NA	-1.720079	-3.399003	NA	NA	NA	NA	-0.915461	-1.611134	NA	NA	NA	NA	
104910.000000	NA	NA	NA	NA	99.000000	1853.200000	263.500000	3290.600000	NA	NA	NA	NA	NA	NA	NA	NA	4.595120	7.524669	5.574053	8.098825	NA	NA	NA	NA	NA	NA	-2.929549	-2.524772	NA	NA	NA	NA	-0.302590	-0.226714	NA	NA	
105057.000000	NA	NA	NA	NA	NA	NA	204.100000	2043.125000	NA	NA	NA	NA	NA	NA	NA	NA	NA	NA	5.318610	7.622236	NA	NA	NA	NA	NA	NA	NA	-2.303626	NA	NA	NA	NA	NA	-0.065733	NA	NA	
105239.000000	NA	NA	123.500000	5007.714286	NA	NA	NA	NA	NA	NA	NA	NA	NA	NA	4.816241	8.518735	NA	NA	NA	NA	NA	NA	NA	NA	NA	-3.702494	NA	NA	NA	NA	NA	-1.820519	NA	NA	NA	NA	
105304.000000	459.500000	944.875000	459.500000	4244.937500	459.500000	2155.166667	NA	NA	NA	NA	NA	NA	6.130139	6.851053	6.130139	8.353482	6.130139	7.675623	NA	NA	NA	NA	NA	NA	-0.720914	-2.223343	-1.545484	NA	NA	NA	-0.383685	-0.800023	0.686975	NA	NA	NA	
106158.000000	NA	NA	634.000000	5542.437500	634.000000	2504.500000	634.000000	2804.666667	634.000000	3323.166667	NA	NA	NA	NA	6.452049	8.620190	6.452049	7.825844	6.452049	7.939040	6.452049	8.108673	NA	NA	NA	-2.168141	-1.373795	-1.486991	-1.656624	NA	NA	-0.761938	0.809728	0.528728	1.624506	NA	
106572.000000	NA	NA	NA	NA	NA	NA	NA	NA	NA	NA	NA	NA	NA	NA	NA	NA	NA	NA	NA	NA	NA	NA	NA	NA	NA	NA	NA	NA	NA	NA	NA	NA	NA	NA	NA	NA	
106824.000000	NA	NA	NA	NA	208.500000	1985.611111	NA	NA	NA	NA	NA	NA	NA	NA	NA	NA	5.339939	7.593682	NA	NA	NA	NA	NA	NA	NA	NA	-2.253743	NA	NA	NA	NA	NA	0.180592	NA	NA	NA	
106989.000000	NA	NA	221.000000	5713.357143	NA	NA	NA	NA	NA	NA	NA	NA	NA	NA	5.398163	8.650562	NA	NA	NA	NA	NA	NA	NA	NA	NA	-3.252399	NA	NA	NA	NA	NA	-1.509990	NA	NA	NA	NA	
107266.000000	NA	NA	NA	NA	178.500000	2201.050000	178.500000	2357.714286	NA	NA	NA	NA	NA	NA	NA	NA	5.184589	7.696690	5.184589	7.765448	NA	NA	NA	NA	NA	NA	-2.512101	-2.580859	NA	NA	NA	NA	-0.004127	-0.267543	NA	NA	
107346.000000	NA	NA	74.000000	6466.083333	NA	NA	NA	NA	NA	NA	NA	NA	NA	NA	4.304065	8.774326	NA	NA	NA	NA	NA	NA	NA	NA	NA	-4.470261	NA	NA	NA	NA	NA	-2.350217	NA	NA	NA	NA	
107414.000000	122.000000	2175.000000	122.000000	5884.785714	358.000000	2331.111111	122.000000	2122.055556	NA	NA	NA	NA	4.804021	7.684784	4.804021	8.680126	5.880533	7.754100	4.804021	7.660140	NA	NA	NA	NA	-2.880763	-3.876105	-1.873567	-2.856119	NA	NA	-1.533200	-1.940297	0.452406	-0.467915	NA	NA	
107590.000000	NA	NA	262.000000	6856.250000	428.000000	1392.375000	NA	NA	NA	NA	NA	NA	NA	NA	5.568345	8.832916	6.059123	7.238766	NA	NA	NA	NA	NA	NA	NA	-3.264571	-1.179643	NA	NA	NA	NA	-1.518387	0.948541	NA	NA	NA	
107938.000000	NA	NA	NA	NA	402.000000	1848.000000	NA	NA	NA	NA	NA	NA	NA	NA	NA	NA	5.996452	7.521859	NA	NA	NA	NA	NA	NA	NA	NA	-1.525407	NA	NA	NA	NA	NA	0.701330	NA	NA	NA	
108010.000000	NA	NA	NA	NA	171.500000	1484.166667	NA	NA	NA	NA	NA	NA	NA	NA	NA	NA	5.144583	7.302609	NA	NA	NA	NA	NA	NA	NA	NA	-2.158025	NA	NA	NA	NA	NA	0.249027	NA	NA	NA	
108281.000000	NA	NA	NA	NA	NA	NA	NA	NA	NA	NA	NA	NA	NA	NA	NA	NA	NA	NA	NA	NA	NA	NA	NA	NA	NA	NA	NA	NA	NA	NA	NA	NA	NA	NA	NA	NA	
108643.000000	NA	NA	895.000000	5675.333333	NA	NA	496.000000	2284.714286	NA	NA	NA	NA	NA	NA	6.796824	8.643885	NA	NA	6.206576	7.733996	NA	NA	NA	NA	NA	-1.847061	NA	-1.527420	NA	NA	NA	-0.540418	NA	0.499298	NA	NA	
109273.000000	NA	NA	895.000000	5866.500000	NA	NA	NA	NA	NA	NA	NA	NA	NA	NA	6.796824	8.677013	NA	NA	NA	NA	NA	NA	NA	NA	NA	-1.880190	NA	NA	NA	NA	NA	-0.563274	NA	NA	NA	NA	
109441.000000	NA	NA	NA	NA	NA	NA	NA	NA	NA	NA	NA	NA	NA	NA	NA	NA	NA	NA	NA	NA	NA	NA	NA	NA	NA	NA	NA	NA	NA	NA	NA	NA	NA	NA	NA	NA	
109732.000000	480.750000	844.500000	290.000000	5924.666667	290.000000	891.727273	290.000000	1824.357143	NA	NA	NA	NA	6.175347	6.738745	5.669881	8.686880	5.669881	6.793160	5.669881	7.508983	NA	NA	NA	NA	-0.563397	-3.016999	-1.123279	-1.839102	NA	NA	-0.299851	-1.347582	0.988839	0.272412	NA	NA	
110021.000000	671.500000	319.875000	NA	NA	NA	NA	NA	NA	NA	NA	NA	NA	6.509514	5.767930	NA	NA	NA	NA	NA	NA	NA	NA	NA	NA	0.741584	NA	NA	NA	NA	NA	0.394686	NA	NA	NA	NA	NA	
110022.000000	671.500000	844.500000	96.000000	4157.666667	NA	NA	NA	NA	NA	NA	NA	NA	6.509514	6.738745	4.564348	8.332709	NA	NA	NA	NA	NA	NA	NA	NA	-0.229231	-3.768361	NA	NA	NA	NA	-0.122001	-1.865962	NA	NA	NA	NA	
110213.000000	526.000000	118.000000	118.000000	4160.111111	361.666667	1296.500000	130.857143	2645.500000	137.038462	540.250000	NA	NA	6.265301	4.770685	4.770685	8.333297	5.890723	7.167424	4.874106	7.880615	4.920262	6.292032	NA	NA	1.494617	-3.562612	-1.276701	-3.006509	-1.371770	NA	0.795465	-1.724012	0.879147	-0.577390	1.787003	NA	
110258.000000	869.000000	1024.500000	365.500000	4187.611111	444.166667	1189.571429	445.642857	921.833333	388.000000	964.500000	NA	NA	6.767343	6.931960	5.901266	8.339886	6.096200	7.081348	6.099518	6.826364	5.961005	6.871610	NA	NA	-0.164617	-2.438619	-0.985149	-0.726847	-0.910604	NA	-0.087612	-0.948546	1.087598	1.082068	2.050076	NA	
110944.000000	NA	NA	NA	NA	471.000000	980.772727	814.000000	689.100000	NA	NA	NA	NA	NA	NA	NA	NA	6.154858	6.888341	6.701960	6.535386	NA	NA	NA	NA	NA	NA	-0.733483	0.166574	NA	NA	NA	NA	1.267532	1.732424	NA	NA	
111200.000000	NA	NA	158.000000	5857.000000	NA	NA	NA	NA	NA	NA	NA	NA	NA	NA	5.062595	8.675393	NA	NA	NA	NA	NA	NA	NA	NA	NA	-3.612798	NA	NA	NA	NA	NA	-1.758636	NA	NA	NA	NA	
111260.000000	NA	NA	147.000000	3897.214286	215.750000	1569.300000	NA	NA	NA	NA	NA	NA	NA	NA	4.990433	8.268017	5.374120	7.358385	NA	NA	NA	NA	NA	NA	NA	-3.277585	-1.984265	NA	NA	NA	NA	-1.527366	0.373260	NA	NA	NA	
111494.000000	NA	NA	578.500000	4599.083333	422.000000	732.909091	NA	NA	NA	NA	NA	NA	NA	NA	6.360439	8.433612	6.045005	6.597022	NA	NA	NA	NA	NA	NA	NA	-2.073174	-0.552016	NA	NA	NA	NA	-0.696418	1.397275	NA	NA	NA	
111810.000000	NA	NA	398.000000	4877.583333	217.500000	727.541667	NA	NA	NA	NA	NA	NA	NA	NA	5.986452	8.492405	5.382199	6.589671	NA	NA	NA	NA	NA	NA	NA	-2.505953	-1.207472	NA	NA	NA	NA	-0.995001	0.928644	NA	NA	NA	
111929.000000	NA	NA	578.500000	4128.000000	NA	NA	115.500000	540.222222	NA	NA	NA	NA	NA	NA	6.360439	8.325548	NA	NA	4.749271	6.291981	NA	NA	NA	NA	NA	-1.965110	NA	-1.542710	NA	NA	NA	-0.621862	NA	0.488168	NA	NA	
111982.000000	NA	NA	NA	NA	29.500000	642.545455	72.500000	480.111111	113.500000	507.571429	NA	NA	NA	NA	NA	NA	3.384390	6.465438	4.283587	6.174018	4.731803	6.229637	NA	NA	NA	NA	-3.081047	-1.890431	-1.497835	NA	NA	NA	-0.410906	0.235048	1.715089	NA	
111988.000000	NA	NA	84.000000	3682.937500	84.000000	816.111111	NA	NA	98.750000	656.000000	NA	NA	NA	NA	4.430817	8.211466	4.430817	6.704551	NA	NA	4.592591	6.486161	NA	NA	NA	-3.780649	-2.273734	NA	-1.893569	NA	NA	-1.874440	0.166299	NA	1.489340	NA	
112150.000000	NA	NA	116.000000	4405.928571	NA	NA	NA	NA	NA	NA	NA	NA	NA	NA	4.753590	8.390706	NA	NA	NA	NA	NA	NA	NA	NA	NA	-3.637116	NA	NA	NA	NA	NA	-1.775414	NA	NA	NA	NA	
112220.000000	NA	NA	130.000000	3831.000000	130.000000	1146.200000	NA	NA	NA	NA	NA	NA	NA	NA	4.867534	8.250881	4.867534	7.044207	NA	NA	NA	NA	NA	NA	NA	-3.383347	-2.176673	NA	NA	NA	NA	-1.600333	0.235694	NA	NA	NA	
112410.000000	1298.000000	858.000000	NA	NA	NA	NA	685.500000	847.333333	NA	NA	NA	NA	7.168580	6.754604	NA	NA	NA	NA	6.530148	6.742094	NA	NA	NA	NA	0.413976	NA	NA	-0.211946	NA	NA	0.220326	NA	NA	1.456885	NA	NA	
113401.000000	1298.000000	997.250000	601.500000	3341.833333	NA	NA	601.500000	1067.800000	NA	NA	NA	NA	7.168580	6.905001	6.399427	8.114275	NA	NA	6.399427	6.973356	NA	NA	NA	NA	0.263578	-1.714848	NA	-0.573929	NA	NA	0.140282	-0.449202	NA	1.193382	NA	NA	
113613.000000	1298.000000	535.000000	NA	NA	NA	NA	NA	NA	NA	NA	NA	NA	7.168580	6.282267	NA	NA	NA	NA	NA	NA	NA	NA	NA	NA	0.886313	NA	NA	NA	NA	NA	0.471714	NA	NA	NA	NA	NA	
113676.000000	NA	NA	38.500000	2920.666667	NA	NA	NA	NA	NA	NA	NA	NA	NA	NA	3.650658	7.979567	NA	NA	NA	NA	NA	NA	NA	NA	NA	-4.328909	NA	NA	NA	NA	NA	-2.252696	NA	NA	NA	NA	
113690.000000	13.000000	286.875000	NA	NA	76.375000	871.300000	NA	NA	NA	NA	NA	NA	2.564949	5.659047	NA	NA	4.335655	6.769986	NA	NA	NA	NA	NA	NA	-3.094097	NA	-2.434331	NA	NA	NA	-1.646741	NA	0.051477	NA	NA	NA	
113702.000000	NA	NA	NA	NA	266.500000	684.700000	NA	NA	NA	NA	NA	NA	NA	NA	NA	NA	5.585374	6.528981	NA	NA	NA	NA	NA	NA	NA	NA	-0.943607	NA	NA	NA	NA	NA	1.117300	NA	NA	NA	
114197.000000	NA	NA	NA	NA	NA	NA	NA	NA	NA	NA	NA	NA	NA	NA	NA	NA	NA	NA	NA	NA	NA	NA	NA	NA	NA	NA	NA	NA	NA	NA	NA	NA	NA	NA	NA	NA	
114531.000000	NA	NA	257.500000	3747.357143	257.500000	782.750000	NA	NA	NA	NA	NA	NA	NA	NA	5.551020	8.228806	5.551020	6.662813	NA	NA	NA	NA	NA	NA	NA	-2.677786	-1.111794	NA	NA	NA	NA	-1.113553	0.997051	NA	NA	NA	
114712.000000	NA	NA	129.500000	5607.785714	39.000000	316.636364	220.000000	495.357143	NA	NA	NA	NA	NA	NA	4.863681	8.631911	3.663562	5.757754	5.393628	6.205279	NA	NA	NA	NA	NA	-3.768230	-2.094192	-0.811651	NA	NA	NA	-1.865872	0.294665	1.020335	NA	NA	
114790.000000	207.000000	2755.750000	246.000000	5262.785714	544.500000	1005.500000	544.500000	879.428571	NA	NA	NA	NA	5.332719	7.921445	5.505332	8.568416	6.299868	6.913240	6.299868	6.779272	NA	NA	NA	NA	-2.588726	-3.063084	-0.613372	-0.479404	NA	NA	-1.377772	-1.379377	1.353407	1.262191	NA	NA	
115204.000000	NA	NA	NA	NA	544.500000	719.000000	544.500000	879.428571	505.500000	1483.666667	NA	NA	NA	NA	NA	NA	6.299868	6.577861	6.299868	6.779272	6.225548	7.302272	NA	NA	NA	NA	-0.277993	-0.479404	-1.076724	NA	NA	NA	1.593193	1.262191	1.955313	NA	
115387.000000	176.500000	5006.000000	NA	NA	NA	NA	NA	NA	NA	NA	NA	NA	5.173321	8.518392	NA	NA	NA	NA	NA	NA	NA	NA	NA	NA	-3.345072	NA	NA	NA	NA	NA	-1.780315	NA	NA	NA	NA	NA	
115557.000000	NA	NA	137.500000	7550.400000	166.750000	1493.000000	137.500000	1902.555556	NA	NA	NA	NA	NA	NA	4.923624	8.929356	5.116496	7.308543	4.923624	7.550953	NA	NA	NA	NA	NA	-4.005732	-2.192047	-2.627329	NA	NA	NA	-2.029729	0.224702	-0.301370	NA	NA	
115662.000000	NA	NA	NA	NA	196.000000	1385.437500	NA	NA	NA	NA	NA	NA	NA	NA	NA	NA	5.278115	7.233771	NA	NA	NA	NA	NA	NA	NA	NA	-1.955657	NA	NA	NA	NA	NA	0.393714	NA	NA	NA	
115674.000000	NA	NA	121.500000	5477.500000	NA	NA	459.000000	1836.625000	NA	NA	NA	NA	NA	NA	4.799914	8.608404	NA	NA	6.129050	7.515685	NA	NA	NA	NA	NA	-3.808490	NA	-1.386635	NA	NA	NA	-1.893648	NA	0.601781	NA	NA	
115905.000000	NA	NA	144.500000	5384.928571	144.500000	1676.583333	378.000000	3816.166667	NA	NA	NA	NA	NA	NA	4.973280	8.591359	4.973280	7.424513	5.934894	8.247002	NA	NA	NA	NA	NA	-3.618080	-2.451234	-2.312108	NA	NA	NA	-1.762280	0.039392	-0.071907	NA	NA	
115963.000000	193.000000	1396.250000	NA	NA	193.000000	2051.583333	351.571429	3816.166667	193.000000	3285.625000	NA	NA	5.262690	7.241545	NA	NA	5.262690	7.626367	5.862413	8.247002	5.262690	8.097312	NA	NA	-1.978855	NA	-2.363677	-2.384589	-2.834622	NA	-1.053187	NA	0.101992	-0.124669	0.952513	NA	
116291.000000	NA	NA	NA	NA	NA	NA	NA	NA	NA	NA	NA	NA	NA	NA	NA	NA	NA	NA	NA	NA	NA	NA	NA	NA	NA	NA	NA	NA	NA	NA	NA	NA	NA	NA	NA	NA	
116366.000000	NA	NA	NA	NA	NA	NA	NA	NA	NA	NA	NA	NA	NA	NA	NA	NA	NA	NA	NA	NA	NA	NA	NA	NA	NA	NA	NA	NA	NA	NA	NA	NA	NA	NA	NA	NA	
116626.000000	NA	NA	NA	NA	NA	NA	143.500000	2695.900000	143.500000	5424.636364	NA	NA	NA	NA	NA	NA	NA	NA	4.966335	7.899487	4.966335	8.598706	NA	NA	NA	NA	NA	-2.933152	-3.632371	NA	NA	NA	NA	-0.523991	0.497434	NA	
116653.000000	16.500000	1413.750000	16.500000	7683.200000	NA	NA	NA	NA	NA	NA	NA	NA	2.803360	7.254001	2.803360	8.946791	NA	NA	NA	NA	NA	NA	NA	NA	-4.450641	-6.143431	NA	NA	NA	NA	-2.368721	-3.504571	NA	NA	NA	NA	
116659.000000	NA	NA	NA	NA	167.500000	1994.000000	NA	NA	NA	NA	NA	NA	NA	NA	NA	NA	5.120983	7.597898	NA	NA	NA	NA	NA	NA	NA	NA	-2.476915	NA	NA	NA	NA	NA	0.021031	NA	NA	NA	
116988.000000	760.000000	1549.750000	288.500000	4231.714286	NA	NA	NA	NA	NA	NA	NA	NA	6.633318	7.345849	5.664695	8.350362	NA	NA	NA	NA	NA	NA	NA	NA	-0.712530	-2.685667	NA	NA	NA	NA	-0.379223	-1.118990	NA	NA	NA	NA	
117236.000000	760.000000	5006.000000	654.750000	4952.583333	471.500000	3099.450000	NA	NA	NA	NA	NA	NA	6.633318	8.518392	6.484253	8.507665	6.155919	8.038980	NA	NA	NA	NA	NA	NA	-1.885074	-2.023411	-1.883061	NA	NA	NA	-1.003275	-0.662086	0.445618	NA	NA	NA	
117931.000000	NA	NA	838.000000	4841.000000	NA	NA	NA	NA	NA	NA	NA	NA	NA	NA	6.731018	8.484877	NA	NA	NA	NA	NA	NA	NA	NA	NA	-1.753858	NA	NA	NA	NA	NA	-0.476116	NA	NA	NA	NA	
117969.000000	NA	NA	204.000000	4018.642857	NA	NA	204.000000	3432.400000	NA	NA	NA	NA	NA	NA	5.318120	8.298700	NA	NA	5.318120	8.141015	NA	NA	NA	NA	NA	-2.980580	NA	-2.822895	NA	NA	NA	-1.322456	NA	-0.443730	NA	NA	
118339.000000	NA	NA	NA	NA	194.000000	3435.277778	NA	NA	NA	NA	NA	NA	NA	NA	NA	NA	5.267858	8.141853	NA	NA	NA	NA	NA	NA	NA	NA	-2.873995	NA	NA	NA	NA	NA	-0.262870	NA	NA	NA	
118357.000000	NA	NA	NA	NA	NA	NA	NA	NA	NA	NA	NA	NA	NA	NA	NA	NA	NA	NA	NA	NA	NA	NA	NA	NA	NA	NA	NA	NA	NA	NA	NA	NA	NA	NA	NA	NA	
118384.000000	NA	NA	NA	NA	133.500000	2820.545455	NA	NA	NA	NA	NA	NA	NA	NA	NA	NA	4.894101	7.944686	NA	NA	NA	NA	NA	NA	NA	NA	-3.050584	NA	NA	NA	NA	NA	-0.389126	NA	NA	NA	
118624.000000	NA	NA	NA	NA	NA	NA	NA	NA	NA	NA	NA	NA	NA	NA	NA	NA	NA	NA	NA	NA	NA	NA	NA	NA	NA	NA	NA	NA	NA	NA	NA	NA	NA	NA	NA	NA	
119796.000000	NA	NA	770.000000	5965.916667	NA	NA	NA	NA	NA	NA	NA	NA	NA	NA	6.646391	8.693818	NA	NA	NA	NA	NA	NA	NA	NA	NA	-2.047427	NA	NA	NA	NA	NA	-0.678655	NA	NA	NA	NA	
120164.000000	NA	NA	NA	NA	NA	NA	609.500000	5732.750000	NA	NA	NA	NA	NA	NA	NA	NA	NA	NA	6.412639	8.653951	NA	NA	NA	NA	NA	NA	NA	-2.241312	NA	NA	NA	NA	NA	-0.020372	NA	NA	
121015.000000	NA	NA	NA	NA	NA	NA	NA	NA	NA	NA	NA	NA	NA	NA	NA	NA	NA	NA	NA	NA	NA	NA	NA	NA	NA	NA	NA	NA	NA	NA	NA	NA	NA	NA	NA	NA	
121280.000000	134.000000	1493.000000	NA	NA	NA	NA	134.000000	3191.200000	NA	NA	NA	NA	4.897840	7.308543	NA	NA	NA	NA	4.897840	8.068152	NA	NA	NA	NA	-2.410703	NA	NA	-3.170313	NA	NA	-1.283025	NA	NA	-0.696629	NA	NA	
121283.000000	NA	NA	4.500000	5665.416667	NA	NA	NA	NA	NA	NA	NA	NA	NA	NA	1.504077	8.642136	NA	NA	NA	NA	NA	NA	NA	NA	NA	-7.138058	NA	NA	NA	NA	NA	-4.190785	NA	NA	NA	NA	
121289.000000	NA	NA	NA	NA	NA	NA	NA	NA	NA	NA	NA	NA	NA	NA	NA	NA	NA	NA	NA	NA	NA	NA	NA	NA	NA	NA	NA	NA	NA	NA	NA	NA	NA	NA	NA	NA	
121938.000000	NA	NA	NA	NA	NA	NA	NA	NA	NA	NA	NA	NA	NA	NA	NA	NA	NA	NA	NA	NA	NA	NA	NA	NA	NA	NA	NA	NA	NA	NA	NA	NA	NA	NA	NA	NA	
122631.000000	346.500000	847.250000	NA	NA	NA	NA	NA	NA	NA	NA	NA	NA	5.847883	6.741996	NA	NA	NA	NA	NA	NA	NA	NA	NA	NA	-0.894113	NA	NA	NA	NA	NA	-0.475865	NA	NA	NA	NA	NA	
122718.000000	NA	NA	NA	NA	NA	NA	NA	NA	NA	NA	NA	NA	NA	NA	NA	NA	NA	NA	NA	NA	NA	NA	NA	NA	NA	NA	NA	NA	NA	NA	NA	NA	NA	NA	NA	NA	
122757.000000	NA	NA	NA	NA	NA	NA	NA	NA	NA	NA	NA	NA	NA	NA	NA	NA	NA	NA	NA	NA	NA	NA	NA	NA	NA	NA	NA	NA	NA	NA	NA	NA	NA	NA	NA	NA	
123041.000000	NA	NA	347.500000	6262.700000	NA	NA	NA	NA	NA	NA	NA	NA	NA	NA	5.850765	8.742367	NA	NA	NA	NA	NA	NA	NA	NA	NA	-2.891602	NA	NA	NA	NA	NA	-1.261068	NA	NA	NA	NA	
123145.000000	153.500000	5655.000000	347.500000	4062.562500	NA	NA	NA	NA	NA	NA	NA	NA	5.033701	8.640295	5.850765	8.309569	NA	NA	NA	NA	NA	NA	NA	NA	-3.606595	-2.458805	NA	NA	NA	NA	-1.919503	-0.962472	NA	NA	NA	NA	
123348.000000	NA	NA	NA	NA	138.000000	1147.500000	138.000000	2978.166667	NA	NA	NA	NA	NA	NA	NA	NA	4.927254	7.045341	4.927254	7.999063	NA	NA	NA	NA	NA	NA	-2.118087	-3.071809	NA	NA	NA	NA	0.277581	-0.624925	NA	NA	
123421.000000	NA	NA	NA	NA	NA	NA	NA	NA	NA	NA	NA	NA	NA	NA	NA	NA	NA	NA	NA	NA	NA	NA	NA	NA	NA	NA	NA	NA	NA	NA	NA	NA	NA	NA	NA	NA	
123545.000000	NA	NA	NA	NA	NA	NA	433.000000	1164.111111	NA	NA	NA	NA	NA	NA	NA	NA	NA	NA	6.070738	7.059713	NA	NA	NA	NA	NA	NA	NA	-0.988975	NA	NA	NA	NA	NA	0.891254	NA	NA	
123732.000000	NA	NA	NA	NA	99.000000	393.928571	275.714286	3347.250000	99.000000	1823.625000	NA	NA	NA	NA	NA	NA	4.595120	5.976170	5.619365	8.115894	4.595120	7.508582	NA	NA	NA	NA	-1.381050	-2.496529	-2.913462	NA	NA	NA	0.804541	-0.206155	0.907538	NA	
123743.000000	150.500000	1999.000000	NA	NA	NA	NA	275.714286	3347.250000	NA	NA	NA	NA	5.013963	7.600402	NA	NA	NA	NA	5.619365	8.115894	NA	NA	NA	NA	-2.586439	NA	NA	-2.496529	NA	NA	-1.376555	NA	NA	-0.206155	NA	NA	
123860.000000	150.500000	2049.000000	NA	NA	86.500000	331.785714	NA	NA	NA	NA	NA	NA	5.013963	7.625107	NA	NA	4.460144	5.804489	NA	NA	NA	NA	NA	NA	-2.611144	NA	-1.344345	NA	NA	NA	-1.389704	NA	0.830784	NA	NA	NA	
123916.000000	NA	NA	NA	NA	NA	NA	400.000000	71.500000	NA	NA	NA	NA	NA	NA	NA	NA	NA	NA	5.991465	4.269697	NA	NA	NA	NA	NA	NA	NA	1.721767	NA	NA	NA	NA	NA	2.864512	NA	NA	
123974.000000	NA	NA	NA	NA	NA	NA	29.000000	45.571429	32.000000	2247.000000	NA	NA	NA	NA	NA	NA	NA	NA	3.367296	3.819281	3.465736	7.717351	NA	NA	NA	NA	NA	-0.451985	-4.251615	NA	NA	NA	NA	1.282150	0.144183	NA	
123980.000000	NA	NA	NA	NA	NA	NA	16.000000	3109.250000	NA	NA	NA	NA	NA	NA	NA	NA	NA	NA	2.772589	8.042137	NA	NA	NA	NA	NA	NA	NA	-5.269548	NA	NA	NA	NA	NA	-2.224747	NA	NA	
124012.000000	NA	NA	19.500000	3739.750000	NA	NA	NA	NA	NA	NA	NA	NA	NA	NA	2.970414	8.226774	NA	NA	NA	NA	NA	NA	NA	NA	NA	-5.256360	NA	NA	NA	NA	NA	-2.892563	NA	NA	NA	NA	
124019.000000	NA	NA	NA	NA	NA	NA	NA	NA	NA	NA	NA	NA	NA	NA	NA	NA	NA	NA	NA	NA	NA	NA	NA	NA	NA	NA	NA	NA	NA	NA	NA	NA	NA	NA	NA	NA	
124023.000000	21.500000	2893.500000	NA	NA	NA	NA	NA	NA	NA	NA	NA	NA	3.068053	7.970222	NA	NA	NA	NA	NA	NA	NA	NA	NA	NA	-4.902169	NA	NA	NA	NA	NA	-2.609034	NA	NA	NA	NA	NA	
124062.000000	NA	NA	NA	NA	45.000000	803.071429	NA	NA	NA	NA	NA	NA	NA	NA	NA	NA	3.806662	6.688444	NA	NA	NA	NA	NA	NA	NA	NA	-2.881781	NA	NA	NA	NA	NA	-0.268437	NA	NA	NA	
124113.000000	NA	NA	NA	NA	36.500000	731.142857	NA	NA	NA	NA	NA	NA	NA	NA	NA	NA	3.597312	6.594609	NA	NA	NA	NA	NA	NA	NA	NA	-2.997297	NA	NA	NA	NA	NA	-0.351027	NA	NA	NA	
124135.000000	NA	NA	NA	NA	NA	NA	NA	NA	NA	NA	NA	NA	NA	NA	NA	NA	NA	NA	NA	NA	NA	NA	NA	NA	NA	NA	NA	NA	NA	NA	NA	NA	NA	NA	NA	NA	
124171.000000	28.000000	5655.000000	NA	NA	NA	NA	NA	NA	NA	NA	NA	NA	3.332205	8.640295	NA	NA	NA	NA	NA	NA	NA	NA	NA	NA	-5.308091	NA	NA	NA	NA	NA	-2.825073	NA	NA	NA	NA	NA	
124191.000000	17.000000	1433.250000	NA	NA	NA	NA	NA	NA	NA	NA	NA	NA	2.833213	7.267700	NA	NA	NA	NA	NA	NA	NA	NA	NA	NA	-4.434487	NA	NA	NA	NA	NA	-2.360123	NA	NA	NA	NA	NA	
124205.000000	NA	NA	NA	NA	NA	NA	27.000000	1925.200000	NA	NA	NA	NA	NA	NA	NA	NA	NA	NA	3.295837	7.562785	NA	NA	NA	NA	NA	NA	NA	-4.266948	NA	NA	NA	NA	NA	-1.494914	NA	NA	
124245.000000	NA	NA	50.500000	4870.100000	NA	NA	NA	NA	NA	NA	NA	NA	NA	NA	3.921973	8.490870	NA	NA	NA	NA	NA	NA	NA	NA	NA	-4.568896	NA	NA	NA	NA	NA	-2.418268	NA	NA	NA	NA	
124306.000000	NA	NA	NA	NA	NA	NA	NA	NA	NA	NA	NA	NA	NA	NA	NA	NA	NA	NA	NA	NA	NA	NA	NA	NA	NA	NA	NA	NA	NA	NA	NA	NA	NA	NA	NA	NA	
124327.000000	NA	NA	26.000000	3057.187500	NA	NA	26.000000	969.227273	NA	NA	NA	NA	NA	NA	3.258097	8.025251	NA	NA	3.258097	6.876499	NA	NA	NA	NA	NA	-4.767154	NA	-3.618403	NA	NA	NA	-2.555050	NA	-1.022812	NA	NA	
124358.000000	NA	NA	NA	NA	NA	NA	NA	NA	NA	NA	NA	NA	NA	NA	NA	NA	NA	NA	NA	NA	NA	NA	NA	NA	NA	NA	NA	NA	NA	NA	NA	NA	NA	NA	NA	NA	
124385.000000	NA	NA	NA	NA	NA	NA	NA	NA	NA	NA	NA	NA	NA	NA	NA	NA	NA	NA	NA	NA	NA	NA	NA	NA	NA	NA	NA	NA	NA	NA	NA	NA	NA	NA	NA	NA	
124735.000000	NA	NA	NA	NA	NA	NA	224.000000	2227.100000	NA	NA	NA	NA	NA	NA	NA	NA	NA	NA	5.411646	7.708456	NA	NA	NA	NA	NA	NA	NA	-2.296810	NA	NA	NA	NA	NA	-0.060771	NA	NA	
124833.000000	NA	NA	NA	NA	NA	NA	NA	NA	NA	NA	NA	NA	NA	NA	NA	NA	NA	NA	NA	NA	NA	NA	NA	NA	NA	NA	NA	NA	NA	NA	NA	NA	NA	NA	NA	NA	
125350.000000	NA	NA	NA	NA	NA	NA	NA	NA	NA	NA	NA	NA	NA	NA	NA	NA	NA	NA	NA	NA	NA	NA	NA	NA	NA	NA	NA	NA	NA	NA	NA	NA	NA	NA	NA	NA	
125426.000000	NA	NA	NA	NA	NA	NA	NA	NA	NA	NA	NA	NA	NA	NA	NA	NA	NA	NA	NA	NA	NA	NA	NA	NA	NA	NA	NA	NA	NA	NA	NA	NA	NA	NA	NA	NA	
125435.000000	NA	NA	119.000000	3950.071429	NA	NA	NA	NA	NA	NA	NA	NA	NA	NA	4.779123	8.281489	NA	NA	NA	NA	NA	NA	NA	NA	NA	-3.502365	NA	NA	NA	NA	NA	-1.682446	NA	NA	NA	NA	
125545.000000	NA	NA	119.000000	3950.071429	NA	NA	NA	NA	NA	NA	NA	NA	NA	NA	4.779123	8.281489	NA	NA	NA	NA	NA	NA	NA	NA	NA	-3.502365	NA	NA	NA	NA	NA	-1.682446	NA	NA	NA	NA	
125554.000000	NA	NA	NA	NA	NA	NA	NA	NA	NA	NA	NA	NA	NA	NA	NA	NA	NA	NA	NA	NA	NA	NA	NA	NA	NA	NA	NA	NA	NA	NA	NA	NA	NA	NA	NA	NA	
125646.000000	NA	NA	NA	NA	137.500000	1388.750000	392.500000	2181.500000	NA	NA	NA	NA	NA	NA	NA	NA	4.923624	7.236159	5.972537	7.687768	NA	NA	NA	NA	NA	NA	-2.312535	-1.715231	NA	NA	NA	NA	0.138557	0.362583	NA	NA	
125829.000000	NA	NA	255.000000	4804.416667	NA	NA	346.666667	2181.500000	NA	NA	NA	NA	NA	NA	5.541264	8.477291	NA	NA	5.848364	7.687768	NA	NA	NA	NA	NA	-2.936027	NA	-1.839404	NA	NA	NA	-1.291718	NA	0.272192	NA	NA	
126156.000000	NA	NA	167.000000	3402.722222	167.000000	1037.772727	NA	NA	NA	NA	NA	NA	NA	NA	5.117994	8.132331	5.117994	6.944832	NA	NA	NA	NA	NA	NA	NA	-3.014337	-1.826838	NA	NA	NA	NA	-1.345746	0.485816	NA	NA	NA	
126163.000000	NA	NA	NA	NA	NA	NA	136.500000	2181.500000	NA	NA	NA	NA	NA	NA	NA	NA	NA	NA	4.916325	7.687768	NA	NA	NA	NA	NA	NA	NA	-2.771443	NA	NA	NA	NA	NA	-0.406276	NA	NA	
126182.000000	NA	NA	123.500000	2825.750000	123.500000	658.500000	127.214286	3109.250000	123.500000	3256.400000	NA	NA	NA	NA	4.816241	7.946529	4.816241	6.489965	4.845873	8.042137	4.816241	8.088378	NA	NA	NA	-3.130288	-1.673723	-3.196264	-3.272136	NA	NA	-1.425743	0.595288	-0.715520	0.702931	NA	
126410.000000	NA	NA	NA	NA	123.000000	576.900000	NA	NA	NA	NA	NA	NA	NA	NA	NA	NA	4.812184	6.357669	NA	NA	NA	NA	NA	NA	NA	NA	-1.545485	NA	NA	NA	NA	NA	0.686975	NA	NA	NA	
126428.000000	NA	NA	NA	NA	NA	NA	NA	NA	NA	NA	NA	NA	NA	NA	NA	NA	NA	NA	NA	NA	NA	NA	NA	NA	NA	NA	NA	NA	NA	NA	NA	NA	NA	NA	NA	NA	
126673.000000	NA	NA	NA	NA	NA	NA	NA	NA	NA	NA	NA	NA	NA	NA	NA	NA	NA	NA	NA	NA	NA	NA	NA	NA	NA	NA	NA	NA	NA	NA	NA	NA	NA	NA	NA	NA	
126754.000000	NA	NA	NA	NA	41.000000	386.000000	41.000000	1269.772727	41.000000	2656.500000	NA	NA	NA	NA	NA	NA	3.713572	5.955837	3.713572	7.146593	3.713572	7.884765	NA	NA	NA	NA	-2.242265	-3.433021	-4.171193	NA	NA	NA	0.188798	-0.887865	0.190061	NA	
126755.000000	NA	NA	NA	NA	NA	NA	NA	NA	NA	NA	NA	NA	NA	NA	NA	NA	NA	NA	NA	NA	NA	NA	NA	NA	NA	NA	NA	NA	NA	NA	NA	NA	NA	NA	NA	NA	
127103.000000	NA	NA	NA	NA	NA	NA	NA	NA	NA	NA	NA	NA	NA	NA	NA	NA	NA	NA	NA	NA	NA	NA	NA	NA	NA	NA	NA	NA	NA	NA	NA	NA	NA	NA	NA	NA	
127104.000000	NA	NA	NA	NA	NA	NA	NA	NA	NA	NA	NA	NA	NA	NA	NA	NA	NA	NA	NA	NA	NA	NA	NA	NA	NA	NA	NA	NA	NA	NA	NA	NA	NA	NA	NA	NA	
127149.000000	NA	NA	NA	NA	NA	NA	97.500000	1151.642857	NA	NA	NA	NA	NA	NA	NA	NA	NA	NA	4.579852	7.048945	NA	NA	NA	NA	NA	NA	NA	-2.469092	NA	NA	NA	NA	NA	-0.186183	NA	NA	
127299.000000	NA	NA	185.000000	3205.642857	NA	NA	NA	NA	NA	NA	NA	NA	NA	NA	5.220356	8.072668	NA	NA	NA	NA	NA	NA	NA	NA	NA	-2.852312	NA	NA	NA	NA	NA	-1.233961	NA	NA	NA	NA	
127394.000000	NA	NA	123.750000	3465.166667	NA	NA	NA	NA	NA	NA	NA	NA	NA	NA	4.818263	8.150516	NA	NA	NA	NA	NA	NA	NA	NA	NA	-3.332253	NA	NA	NA	NA	NA	-1.565082	NA	NA	NA	NA	
127424.000000	NA	NA	NA	NA	NA	NA	46.000000	1270.000000	NA	NA	NA	NA	NA	NA	NA	NA	NA	NA	3.828641	7.146772	NA	NA	NA	NA	NA	NA	NA	-3.318131	NA	NA	NA	NA	NA	-0.804232	NA	NA	
127455.000000	NA	NA	NA	NA	81.000000	357.642857	NA	NA	81.000000	2099.666667	NA	NA	NA	NA	NA	NA	4.394449	5.879535	NA	NA	4.394449	7.649534	NA	NA	NA	NA	-1.485086	NA	-3.255085	NA	NA	NA	0.730158	NA	0.712658	NA	
127586.000000	NA	NA	NA	NA	127.500000	336.090909	NA	NA	NA	NA	NA	NA	NA	NA	NA	NA	4.848116	5.817382	NA	NA	NA	NA	NA	NA	NA	NA	-0.969265	NA	NA	NA	NA	NA	1.098954	NA	NA	NA	
127710.000000	NA	NA	81.500000	4010.500000	NA	NA	NA	NA	NA	NA	NA	NA	NA	NA	4.400603	8.296671	NA	NA	NA	NA	NA	NA	NA	NA	NA	-3.896068	NA	NA	NA	NA	NA	-1.954070	NA	NA	NA	NA	
127749.000000	NA	NA	27.000000	2791.285714	NA	NA	NA	NA	NA	NA	NA	NA	NA	NA	3.295837	7.934258	NA	NA	NA	NA	NA	NA	NA	NA	NA	-4.638421	NA	NA	NA	NA	NA	-2.466234	NA	NA	NA	NA	
127764.000000	NA	NA	NA	NA	22.500000	276.500000	49.642857	162.750000	22.500000	815.071429	NA	NA	NA	NA	NA	NA	3.113515	5.622211	3.904855	5.092215	3.113515	6.703276	NA	NA	NA	NA	-2.508696	-1.187361	-3.589760	NA	NA	NA	-0.001692	0.746841	0.521741	NA	
127794.000000	NA	NA	55.000000	2282.000000	NA	NA	117.500000	98.100000	NA	NA	NA	NA	NA	NA	4.007333	7.732808	NA	NA	4.766438	4.585987	NA	NA	NA	NA	NA	-3.725474	NA	0.180451	NA	NA	NA	-1.836374	NA	1.742526	NA	NA	
127874.000000	83.500000	2074.333333	NA	NA	107.166667	348.600000	NA	NA	NA	NA	NA	NA	4.424847	7.637395	NA	NA	4.674385	5.853925	NA	NA	NA	NA	NA	NA	-3.212548	NA	-1.179540	NA	NA	NA	-1.709783	NA	0.948614	NA	NA	NA	
127961.000000	NA	NA	NA	NA	154.500000	469.000000	114.500000	179.166667	NA	NA	NA	NA	NA	NA	NA	NA	5.040194	6.150603	4.740575	5.188316	NA	NA	NA	NA	NA	NA	-1.110409	-0.447742	NA	NA	NA	NA	0.998041	1.285239	NA	NA	
128016.000000	NA	NA	423.500000	1248.700000	NA	NA	225.500000	261.642857	NA	NA	NA	NA	NA	NA	6.048554	7.129858	NA	NA	5.418320	5.566980	NA	NA	NA	NA	NA	-1.081305	NA	-0.148660	NA	NA	NA	-0.012107	NA	1.502953	NA	NA	
128412.000000	198.000000	2115.833333	423.500000	1243.200000	198.000000	371.214286	198.000000	261.250000	NA	NA	NA	NA	5.288267	7.657204	6.048554	7.125444	5.288267	5.916779	5.288267	5.565478	NA	NA	NA	NA	-2.368937	-1.076890	-0.628512	-0.277211	NA	NA	-1.260796	-0.009062	1.342583	1.409376	NA	NA	
