Position	iES_BRG	iES_BRM	iES_CHCU	iES_CHCA	iES_CHFR	iES_TXL	log(iES_BRG)	log(iES_BRM)	log(iES_CHCU)	log(iES_CHCA)	log(iES_CHFR)	log(iES_TXL)	log_Rsb(BRG/BRM)	log_Rsb(BRG/CHCU)	log_Rsb(BRG/CHCA)	log_Rsb(BRG/CHFR)	log_Rsb(BRG/TXL)	log_Rsb(BRM/CHCU)	log_Rsb(BRM/CHCA)	log_Rsb(BRM/CHFR)	log_Rsb(BRM/TXL)	log_Rsb(CHCU/CHCA)	log_Rsb(CHCU/CHFR)	log_Rsb(CHCU/TXL)	log_Rsb(CHCA/CHFR)	log_Rsb(CHCA/TXL)	log_Rsb(CHFR/TXL)	log_RsbN(BRG/BRM)	log_RsbN(BRG/CHCU)	log_RsbN(BRG/CHCA)	log_RsbN(BRG/CHFR)	log_RsbN(BRG/TXL)	log_RsbN(BRM/CHCU)	log_RsbN(BRM/CHCA)	log_RsbN(BRM/CHFR)	log_RsbN(BRM/TXL)	log_RsbN(CHCU/CHCA)	log_RsbN(CHCU/CHFR)	log_RsbN(CHCU/TXL)	log_RsbN(CHCA/CHFR)	log_RsbN(CHCA/TXL)	log_RsbN(CHFR/TXL)	
13233.000000	7891.111111	18996.035714	13628.666667	12501.800000	5137.000000	NA	8.973492	9.851986	9.519931	9.433628	8.544225	NA	-0.878493	-0.546438	-0.460136	0.429268	NA	0.332055	0.418358	1.307761	NA	0.086303	0.975706	NA	0.889403	NA	NA	-1.718449	-0.667929	-0.545346	0.766447	NA	1.672147	1.444390	1.175699	NA	0.238173	1.002956	NA	1.000058	NA	NA	
13621.000000	7891.111111	18324.066667	13628.666667	12501.800000	5137.000000	NA	8.973492	9.815971	9.519931	9.433628	8.544225	NA	-0.842478	-0.546438	-0.460136	0.429268	NA	0.296040	0.382343	1.271746	NA	0.086303	0.975706	NA	0.889403	NA	NA	-1.594931	-0.667929	-0.545346	0.766447	NA	1.488853	1.301697	1.151147	NA	0.238173	1.002956	NA	1.000058	NA	NA	
18007.000000	7322.300000	18324.066667	13628.666667	12501.800000	5137.000000	NA	8.898680	9.815971	9.519931	9.433628	8.544225	NA	-0.917291	-0.621251	-0.534948	0.354455	NA	0.296040	0.382343	1.271746	NA	0.086303	0.975706	NA	0.889403	NA	NA	-1.851510	-0.896004	-0.848675	0.715114	NA	1.488853	1.301697	1.151147	NA	0.238173	1.002956	NA	1.000058	NA	NA	
18008.000000	7605.388889	18324.066667	13628.666667	12501.800000	5137.000000	NA	8.936612	9.815971	9.519931	9.433628	8.544225	NA	-0.879358	-0.583318	-0.497016	0.392388	NA	0.296040	0.382343	1.271746	NA	0.086303	0.975706	NA	0.889403	NA	NA	-1.721416	-0.780362	-0.694877	0.741141	NA	1.488853	1.301697	1.151147	NA	0.238173	1.002956	NA	1.000058	NA	NA	
18026.000000	10059.583333	23247.727273	13628.666667	13053.071429	5137.000000	NA	9.216281	10.053963	9.519931	9.476779	8.544225	NA	-0.837682	-0.303650	-0.260498	0.672056	NA	0.534032	0.577184	1.509738	NA	0.043152	0.975706	NA	0.932554	NA	NA	-1.578480	0.072242	0.264091	0.933039	NA	2.700083	2.073665	1.313388	NA	0.053769	1.002956	NA	1.032541	NA	NA	
18370.000000	9703.900000	18562.433333	13628.666667	12459.233333	5137.000000	NA	9.180283	9.828895	9.519931	9.430217	8.544225	NA	-0.648612	-0.339648	-0.249934	0.636059	NA	0.308964	0.398678	1.284671	NA	0.089713	0.975706	NA	0.885993	NA	NA	-0.930040	-0.037502	0.306921	0.908338	NA	1.554631	1.366417	1.159958	NA	0.252749	1.002956	NA	0.997491	NA	NA	
18485.000000	10831.250000	18562.433333	14395.409091	14275.416667	NA	NA	9.290191	9.828895	9.574665	9.566294	NA	NA	-0.538704	-0.284474	-0.276103	NA	NA	0.254230	0.262601	NA	NA	0.008370	NA	NA	NA	NA	NA	-0.553098	0.130701	0.200817	NA	NA	1.276069	0.827276	NA	NA	-0.094870	NA	NA	NA	NA	NA	
26202.000000	18547.125000	24966.200000	19343.150000	12845.892857	11.000000	NA	9.828070	10.125278	9.870094	9.460779	2.397895	NA	-0.297208	-0.042024	0.367291	7.430175	NA	0.255185	0.664499	7.727383	NA	0.409314	7.472198	NA	7.062884	NA	NA	0.275146	0.869840	2.809474	5.570182	NA	1.280925	2.419610	5.552007	NA	1.618559	5.695656	NA	5.647300	NA	NA	
26204.000000	16517.222222	20297.400000	12067.708333	11991.333333	11.000000	NA	9.712159	9.918248	9.398288	9.391939	2.397895	NA	-0.206089	0.313870	0.320219	7.314264	NA	0.519960	0.526309	7.520353	NA	0.006349	7.000393	NA	6.994044	NA	NA	0.587651	1.954826	2.618622	5.490648	NA	2.628464	1.872095	5.410873	NA	-0.103508	5.354850	NA	5.595479	NA	NA	
26213.000000	16517.222222	20297.400000	12067.708333	11991.333333	11.000000	NA	9.712159	9.918248	9.398288	9.391939	2.397895	NA	-0.206089	0.313870	0.320219	7.314264	NA	0.519960	0.526309	7.520353	NA	0.006349	7.000393	NA	6.994044	NA	NA	0.587651	1.954826	2.618622	5.490648	NA	2.628464	1.872095	5.410873	NA	-0.103508	5.354850	NA	5.595479	NA	NA	
26248.000000	15100.888889	22122.375000	20245.642857	22616.416667	NA	NA	9.622509	10.004345	9.915695	10.026431	NA	NA	-0.381836	-0.293186	-0.403922	NA	NA	0.088650	-0.022087	NA	NA	-0.110736	NA	NA	NA	NA	NA	-0.015096	0.104141	-0.317428	NA	NA	0.433368	-0.300666	NA	NA	-0.603871	NA	NA	NA	NA	NA	
26714.000000	33191.500000	31458.750000	36056.400000	28208.833333	61087.000000	NA	10.410049	10.356432	10.492840	10.247390	11.020054	NA	0.053617	-0.082791	0.162659	-0.610005	NA	-0.136407	0.109042	-0.663622	NA	0.245449	-0.527215	NA	-0.772664	NA	NA	1.478346	0.745557	1.979788	0.053340	NA	-0.712031	0.218870	-0.168209	NA	0.918284	-0.082669	NA	-0.251105	NA	NA	
26730.000000	16702.550000	29457.700000	35294.818182	30906.833333	61087.000000	NA	9.723317	10.290711	10.471491	10.338733	11.020054	NA	-0.567394	-0.748175	-0.615416	-1.296738	NA	-0.180781	-0.048022	-0.729344	NA	0.132759	-0.548563	NA	-0.681322	NA	NA	-0.651492	-1.282947	-1.174934	-0.417867	NA	-0.937865	-0.403423	-0.213012	NA	0.436703	-0.098090	NA	-0.182345	NA	NA	
26753.000000	20873.312500	32909.115385	38013.545455	34985.115385	61087.000000	NA	9.946227	10.401505	10.545698	10.462678	11.020054	NA	-0.455278	-0.599471	-0.516451	-1.073828	NA	-0.144193	-0.061173	-0.618549	NA	0.083020	-0.474357	NA	-0.557376	NA	NA	-0.266977	-0.829606	-0.773679	-0.264915	NA	-0.751655	-0.455528	-0.137482	NA	0.224144	-0.044487	NA	-0.089042	NA	NA	
27025.000000	23205.857143	32909.115385	40700.650000	32498.750000	61087.000000	NA	10.052160	10.401505	10.613999	10.388957	11.020054	NA	-0.349345	-0.561839	-0.336797	-0.967894	NA	-0.212494	0.012548	-0.618549	NA	0.225042	-0.406055	NA	-0.631097	NA	NA	0.096336	-0.714881	-0.045266	-0.192228	NA	-1.099267	-0.163443	-0.137482	NA	0.831076	0.004850	NA	-0.144537	NA	NA	
27105.000000	32418.800000	32991.038462	40700.650000	34985.115385	61087.000000	NA	10.386494	10.403991	10.613999	10.462678	11.020054	NA	-0.017497	-0.227506	-0.076184	-0.633561	NA	-0.210008	-0.058687	-0.616063	NA	0.151321	-0.406055	NA	-0.557376	NA	NA	1.234451	0.304376	1.011394	0.037178	NA	-1.086614	-0.445678	-0.135787	NA	0.516030	0.004850	NA	-0.089042	NA	NA	
28389.000000	18875.777778	28768.200000	34244.875000	30589.266667	61087.000000	NA	9.845635	10.267026	10.441292	10.328404	11.020054	NA	-0.421391	-0.595657	-0.482770	-1.174420	NA	-0.174266	-0.061379	-0.753028	NA	0.112888	-0.578762	NA	-0.691650	NA	NA	-0.150756	-0.817979	-0.637117	-0.333937	NA	-0.904710	-0.456343	-0.229158	NA	0.351784	-0.119904	NA	-0.190119	NA	NA	
28423.000000	16994.900000	28768.200000	34244.875000	30589.266667	61087.000000	NA	9.740669	10.267026	10.441292	10.328404	11.020054	NA	-0.526357	-0.700624	-0.587736	-1.279386	NA	-0.174266	-0.061379	-0.753028	NA	0.112888	-0.578762	NA	-0.691650	NA	NA	-0.510752	-1.137981	-1.062705	-0.405961	NA	-0.904710	-0.456343	-0.229158	NA	0.351784	-0.119904	NA	-0.190119	NA	NA	
28449.000000	16994.900000	28768.200000	34244.875000	31688.285714	61087.000000	NA	9.740669	10.267026	10.441292	10.363702	11.020054	NA	-0.526357	-0.700624	-0.623034	-1.279386	NA	-0.174266	-0.096676	-0.753028	NA	0.077590	-0.578762	NA	-0.656352	NA	NA	-0.510752	-1.137981	-1.205821	-0.405961	NA	-0.904710	-0.596194	-0.229158	NA	0.200939	-0.119904	NA	-0.163548	NA	NA	
28467.000000	16994.900000	28768.200000	34244.875000	30152.966667	61087.000000	NA	9.740669	10.267026	10.441292	10.314039	11.020054	NA	-0.526357	-0.700624	-0.573370	-1.279386	NA	-0.174266	-0.047013	-0.753028	NA	0.127254	-0.578762	NA	-0.706016	NA	NA	-0.510752	-1.137981	-1.004458	-0.405961	NA	-0.904710	-0.399425	-0.229158	NA	0.413176	-0.119904	NA	-0.200934	NA	NA	
28479.000000	24061.428571	34926.166667	37292.045455	32254.892857	61087.000000	NA	10.088365	10.460992	10.526535	10.381425	11.020054	NA	-0.372626	-0.438170	-0.293060	-0.931689	NA	-0.065544	0.079567	-0.559063	NA	0.145110	-0.493519	NA	-0.638629	NA	NA	0.016490	-0.337860	0.132067	-0.167386	NA	-0.351381	0.102087	-0.096930	NA	0.489487	-0.058329	NA	-0.150207	NA	NA	
28492.000000	17195.500000	28650.300000	34442.000000	30310.666667	61087.000000	NA	9.752403	10.262919	10.447032	10.319255	11.020054	NA	-0.510516	-0.694629	-0.566852	-1.267651	NA	-0.184113	-0.056336	-0.757135	NA	0.127777	-0.573022	NA	-0.700799	NA	NA	-0.456422	-1.119706	-0.978030	-0.397909	NA	-0.954823	-0.436363	-0.231957	NA	0.415413	-0.115758	NA	-0.197007	NA	NA	
30829.000000	37000.875000	38024.136364	34442.000000	34503.230769	61087.000000	NA	10.518697	10.545976	10.447032	10.448808	11.020054	NA	-0.027280	0.071665	0.069889	-0.501358	NA	0.098944	0.097168	-0.474078	NA	-0.001776	-0.573022	NA	-0.571246	NA	NA	1.200902	1.216433	1.603650	0.127890	NA	0.485761	0.171825	-0.038995	NA	-0.138231	-0.115758	NA	-0.099482	NA	NA	
31047.000000	36331.800000	33782.066667	34442.000000	35440.800000	61087.000000	NA	10.500449	10.427685	10.447032	10.475619	11.020054	NA	0.072763	0.053417	0.024830	-0.519606	NA	-0.019347	-0.047934	-0.592369	NA	-0.028587	-0.573022	NA	-0.544435	NA	NA	1.544012	1.160801	1.420957	0.115369	NA	-0.116267	-0.403073	-0.119635	NA	-0.252806	-0.115758	NA	-0.079300	NA	NA	
31060.000000	23139.875000	38772.884615	34442.000000	37736.107143	61087.000000	NA	10.049313	10.565476	10.447032	10.538373	11.020054	NA	-0.516164	-0.397719	-0.489060	-0.970742	NA	0.118444	0.027104	-0.454578	NA	-0.091341	-0.573022	NA	-0.481682	NA	NA	-0.475792	-0.214541	-0.662621	-0.194182	NA	0.585003	-0.105772	-0.025702	NA	-0.520983	-0.115758	NA	-0.032061	NA	NA	
31100.000000	23139.875000	38772.884615	34442.000000	37736.107143	61087.000000	NA	10.049313	10.565476	10.447032	10.538373	11.020054	NA	-0.516164	-0.397719	-0.489060	-0.970742	NA	0.118444	0.027104	-0.454578	NA	-0.091341	-0.573022	NA	-0.481682	NA	NA	-0.475792	-0.214541	-0.662621	-0.194182	NA	0.585003	-0.105772	-0.025702	NA	-0.520983	-0.115758	NA	-0.032061	NA	NA	
31516.000000	19320.000000	34562.700000	34442.000000	35238.300000	61087.000000	NA	9.868896	10.450530	10.447032	10.469889	11.020054	NA	-0.581634	-0.578136	-0.600993	-1.151158	NA	0.003498	-0.019358	-0.569524	NA	-0.022857	-0.573022	NA	-0.550166	NA	NA	-0.700331	-0.764563	-1.116455	-0.317976	NA	0.000000	-0.289858	-0.104061	NA	-0.228319	-0.115758	NA	-0.083614	NA	NA	
31566.000000	19320.000000	34562.700000	34442.000000	35238.300000	61087.000000	NA	9.868896	10.450530	10.447032	10.469889	11.020054	NA	-0.581634	-0.578136	-0.600993	-1.151158	NA	0.003498	-0.019358	-0.569524	NA	-0.022857	-0.573022	NA	-0.550166	NA	NA	-0.700331	-0.764563	-1.116455	-0.317976	NA	0.000000	-0.289858	-0.104061	NA	-0.228319	-0.115758	NA	-0.083614	NA	NA	
31567.000000	19320.000000	34562.700000	34442.000000	35238.300000	61087.000000	NA	9.868896	10.450530	10.447032	10.469889	11.020054	NA	-0.581634	-0.578136	-0.600993	-1.151158	NA	0.003498	-0.019358	-0.569524	NA	-0.022857	-0.573022	NA	-0.550166	NA	NA	-0.700331	-0.764563	-1.116455	-0.317976	NA	0.000000	-0.289858	-0.104061	NA	-0.228319	-0.115758	NA	-0.083614	NA	NA	
31569.000000	19320.000000	34562.700000	34442.000000	35238.300000	61087.000000	NA	9.868896	10.450530	10.447032	10.469889	11.020054	NA	-0.581634	-0.578136	-0.600993	-1.151158	NA	0.003498	-0.019358	-0.569524	NA	-0.022857	-0.573022	NA	-0.550166	NA	NA	-0.700331	-0.764563	-1.116455	-0.317976	NA	0.000000	-0.289858	-0.104061	NA	-0.228319	-0.115758	NA	-0.083614	NA	NA	
31585.000000	27359.142857	36810.642857	37292.045455	40401.076923	61087.000000	NA	10.216806	10.513542	10.526535	10.606612	11.020054	NA	-0.296736	-0.309729	-0.389806	-0.803248	NA	-0.012993	-0.093069	-0.506512	NA	-0.080076	-0.493519	NA	-0.413443	NA	NA	0.276764	0.053707	-0.260192	-0.079255	NA	-0.083931	-0.581903	-0.061106	NA	-0.472846	-0.058329	NA	0.019308	NA	NA	
35348.000000	23659.833333	42350.791667	40700.650000	36367.733333	61087.000000	NA	10.071534	10.653742	10.613999	10.501437	11.020054	NA	-0.582208	-0.542465	-0.429903	-0.948520	NA	0.039743	0.152305	-0.366312	NA	0.112562	-0.406055	NA	-0.518617	NA	NA	-0.702300	-0.655817	-0.422768	-0.178935	NA	0.184463	0.390280	0.034470	NA	0.350392	0.004850	NA	-0.059865	NA	NA	
35349.000000	25715.875000	35954.266667	34005.375000	36367.733333	61087.000000	NA	10.154864	10.490003	10.434274	10.501437	11.020054	NA	-0.335139	-0.279410	-0.346573	-0.865191	NA	0.055729	-0.011434	-0.530051	NA	-0.067163	-0.585780	NA	-0.518617	NA	NA	0.145056	0.146139	-0.084906	-0.121757	NA	0.265822	-0.258461	-0.077152	NA	-0.417662	-0.124974	NA	-0.059865	NA	NA	
37087.000000	24389.611111	38145.285714	34005.375000	36367.733333	61087.000000	NA	10.101913	10.549157	10.434274	10.501437	11.020054	NA	-0.447245	-0.332361	-0.399525	-0.918142	NA	0.114884	0.047720	-0.470897	NA	-0.067163	-0.585780	NA	-0.518617	NA	NA	-0.239425	-0.015289	-0.299598	-0.158090	NA	0.566881	-0.024089	-0.036826	NA	-0.417662	-0.124974	NA	-0.059865	NA	NA	
37092.000000	24389.611111	38145.285714	34005.375000	36367.733333	61087.000000	NA	10.101913	10.549157	10.434274	10.501437	11.020054	NA	-0.447245	-0.332361	-0.399525	-0.918142	NA	0.114884	0.047720	-0.470897	NA	-0.067163	-0.585780	NA	-0.518617	NA	NA	-0.239425	-0.015289	-0.299598	-0.158090	NA	0.566881	-0.024089	-0.036826	NA	-0.417662	-0.124974	NA	-0.059865	NA	NA	
37096.000000	24389.611111	38145.285714	34005.375000	36367.733333	61087.000000	NA	10.101913	10.549157	10.434274	10.501437	11.020054	NA	-0.447245	-0.332361	-0.399525	-0.918142	NA	0.114884	0.047720	-0.470897	NA	-0.067163	-0.585780	NA	-0.518617	NA	NA	-0.239425	-0.015289	-0.299598	-0.158090	NA	0.566881	-0.024089	-0.036826	NA	-0.417662	-0.124974	NA	-0.059865	NA	NA	
37137.000000	21954.200000	41183.692308	45487.062500	43390.000000	61087.000000	NA	9.996714	10.625798	10.725183	10.677984	11.020054	NA	-0.629084	-0.728469	-0.681271	-1.023341	NA	-0.099386	-0.052187	-0.394257	NA	0.047199	-0.294871	NA	-0.342070	NA	NA	-0.863066	-1.222873	-1.441943	-0.230273	NA	-0.523614	-0.419924	0.015420	NA	0.071064	0.085163	NA	0.073036	NA	NA	
37167.000000	27597.214286	45150.464286	50244.100000	41501.000000	61087.000000	NA	10.225470	10.717756	10.824648	10.633473	11.020054	NA	-0.492286	-0.599178	-0.408003	-0.794584	NA	-0.106893	0.084283	-0.302299	NA	0.191176	-0.195406	NA	-0.386582	NA	NA	-0.393899	-0.828713	-0.333972	-0.073310	NA	-0.561820	0.120774	0.078108	NA	0.686346	0.157011	NA	0.039528	NA	NA	
49918.000000	35130.800000	44737.750000	41986.541667	39164.700000	61087.000000	NA	10.466834	10.708573	10.645104	10.575531	11.020054	NA	-0.241739	-0.178271	-0.108698	-0.553221	NA	0.063469	0.133042	-0.311481	NA	0.069573	-0.374950	NA	-0.444523	NA	NA	0.465383	0.454474	0.879568	0.092304	NA	0.305211	0.313958	0.071848	NA	0.166680	0.027319	NA	-0.004089	NA	NA	
49921.000000	20559.111111	41766.133333	41986.541667	39164.700000	61087.000000	NA	9.931059	10.639841	10.645104	10.575531	11.020054	NA	-0.708782	-0.714045	-0.644472	-1.088995	NA	-0.005263	0.064310	-0.380213	NA	0.069573	-0.374950	NA	-0.444523	NA	NA	-1.136400	-1.178898	-1.292741	-0.275323	NA	-0.044591	0.041640	0.024993	NA	0.166680	0.027319	NA	-0.004089	NA	NA	
50077.000000	26085.214286	49227.875000	45216.545455	41501.000000	61087.000000	NA	10.169124	10.804215	10.719218	10.633473	11.020054	NA	-0.635091	-0.550094	-0.464349	-0.850930	NA	0.084997	0.170743	-0.215839	NA	0.085746	-0.300836	NA	-0.386582	NA	NA	-0.883670	-0.679075	-0.562429	-0.111972	NA	0.414777	0.463329	0.137049	NA	0.235792	0.080854	NA	0.039528	NA	NA	
50089.000000	19257.400000	49570.708333	41682.958333	40619.642857	61087.000000	NA	9.865651	10.811155	10.637848	10.612007	11.020054	NA	-0.945505	-0.772197	-0.746356	-1.154404	NA	0.173308	0.199148	-0.208899	NA	0.025841	-0.382207	NA	-0.408047	NA	NA	-1.948274	-1.356181	-1.705835	-0.320203	NA	0.864223	0.575874	0.141780	NA	-0.020211	0.022077	NA	0.023370	NA	NA	
51708.000000	19257.400000	40262.600000	43274.454545	38153.700000	61087.000000	NA	9.865651	10.603178	10.675318	10.549378	11.020054	NA	-0.737528	-0.809667	-0.683727	-1.154404	NA	-0.072139	0.053800	-0.416876	NA	0.125940	-0.344737	NA	-0.470676	NA	NA	-1.234988	-1.470414	-1.451904	-0.320203	NA	-0.384949	0.000000	0.000000	NA	0.407562	0.049143	NA	-0.023776	NA	NA	
51765.000000	19257.400000	40262.600000	43274.454545	38153.700000	61087.000000	NA	9.865651	10.603178	10.675318	10.549378	11.020054	NA	-0.737528	-0.809667	-0.683727	-1.154404	NA	-0.072139	0.053800	-0.416876	NA	0.125940	-0.344737	NA	-0.470676	NA	NA	-1.234988	-1.470414	-1.451904	-0.320203	NA	-0.384949	0.000000	0.000000	NA	0.407562	0.049143	NA	-0.023776	NA	NA	
51769.000000	19257.400000	40262.600000	43274.454545	38153.700000	61087.000000	NA	9.865651	10.603178	10.675318	10.549378	11.020054	NA	-0.737528	-0.809667	-0.683727	-1.154404	NA	-0.072139	0.053800	-0.416876	NA	0.125940	-0.344737	NA	-0.470676	NA	NA	-1.234988	-1.470414	-1.451904	-0.320203	NA	-0.384949	0.000000	0.000000	NA	0.407562	0.049143	NA	-0.023776	NA	NA	
51773.000000	19257.400000	40262.600000	39668.541667	39089.178571	61087.000000	NA	9.865651	10.603178	10.588314	10.573601	11.020054	NA	-0.737528	-0.722663	-0.707950	-1.154404	NA	0.014865	0.029577	-0.416876	NA	0.014713	-0.431741	NA	-0.446453	NA	NA	-1.234988	-1.205171	-1.550117	-0.320203	NA	0.057847	-0.095972	0.000000	NA	-0.067765	-0.013704	NA	-0.005542	NA	NA	
51776.000000	19257.400000	40262.600000	43274.454545	38885.000000	61087.000000	NA	9.865651	10.603178	10.675318	10.568364	11.020054	NA	-0.737528	-0.809667	-0.702713	-1.154404	NA	-0.072139	0.034814	-0.416876	NA	0.106954	-0.344737	NA	-0.451691	NA	NA	-1.234988	-1.470414	-1.528883	-0.320203	NA	-0.384949	-0.075223	0.000000	NA	0.326426	0.049143	NA	-0.009484	NA	NA	
54017.000000	23368.375000	42995.785714	49251.350000	38885.000000	61087.000000	NA	10.059139	10.668857	10.804692	10.568364	11.020054	NA	-0.609718	-0.745553	-0.509225	-0.960915	NA	-0.135835	0.100494	-0.351197	NA	0.236328	-0.215362	NA	-0.451691	NA	NA	-0.796650	-1.274955	-0.744380	-0.187440	NA	-0.709117	0.185000	0.044774	NA	0.879305	0.142596	NA	-0.009484	NA	NA	
54341.000000	20347.777778	40141.500000	40193.916667	38885.000000	61087.000000	NA	9.920727	10.600166	10.601471	10.568364	11.020054	NA	-0.679439	-0.680744	-0.647637	-1.099327	NA	-0.001305	0.031802	-0.419888	NA	0.033107	-0.418583	NA	-0.451691	NA	NA	-1.035766	-1.077376	-1.305575	-0.282412	NA	-0.024446	-0.087157	-0.002053	NA	0.010842	-0.004200	NA	-0.009484	NA	NA	
54380.000000	24588.214286	49516.791667	43831.409091	41356.964286	61087.000000	NA	10.110023	10.810067	10.688106	10.629996	11.020054	NA	-0.700045	-0.578083	-0.519974	-0.910032	NA	0.121961	0.180071	-0.209987	NA	0.058110	-0.331948	NA	-0.390058	NA	NA	-1.106435	-0.764403	-0.787961	-0.152525	NA	0.602902	0.500289	0.141038	NA	0.117691	0.058380	NA	0.036911	NA	NA	
54487.000000	22691.555556	39825.766667	40428.291667	38799.433333	61087.000000	NA	10.029748	10.592269	10.607285	10.566161	11.020054	NA	-0.562521	-0.577537	-0.536413	-0.990306	NA	-0.015016	0.026108	-0.427785	NA	0.041124	-0.412769	NA	-0.453893	NA	NA	-0.634781	-0.762737	-0.854614	-0.207606	NA	-0.094225	-0.109716	-0.007437	NA	0.045103	0.000000	NA	-0.011142	NA	NA	
54571.000000	38948.200000	49463.750000	40428.291667	41311.500000	61087.000000	NA	10.569988	10.808995	10.607285	10.628896	11.020054	NA	-0.239008	-0.037297	-0.058908	-0.450067	NA	0.201710	0.180099	-0.211059	NA	-0.021611	-0.412769	NA	-0.391158	NA	NA	0.474753	0.884249	1.081439	0.163084	NA	1.008774	0.500401	0.140307	NA	-0.222995	0.000000	NA	0.036083	NA	NA	
54937.000000	26257.400000	39609.100000	40428.291667	41795.961538	61087.000000	NA	10.175703	10.586814	10.607285	10.640555	11.020054	NA	-0.411111	-0.431582	-0.464852	-0.844351	NA	-0.020471	-0.053741	-0.433240	NA	-0.033270	-0.412769	NA	-0.379499	NA	NA	-0.115499	-0.317775	-0.564468	-0.107458	NA	-0.121988	-0.426082	-0.011156	NA	-0.272819	0.000000	NA	0.044860	NA	NA	
54952.000000	26257.400000	49463.750000	40428.291667	39334.642857	61087.000000	NA	10.175703	10.808995	10.607285	10.579861	11.020054	NA	-0.633292	-0.431582	-0.404158	-0.844351	NA	0.201710	0.229134	-0.211059	NA	0.027424	-0.412769	NA	-0.440193	NA	NA	-0.877499	-0.317775	-0.318383	-0.107458	NA	1.008774	0.694680	0.140307	NA	-0.013443	0.000000	NA	-0.000829	NA	NA	
55097.000000	29144.833333	40104.700000	40428.291667	36952.400000	61087.000000	NA	10.280033	10.599249	10.607285	10.517386	11.020054	NA	-0.319216	-0.327252	-0.237353	-0.740021	NA	-0.008036	0.081863	-0.420806	NA	0.089899	-0.412769	NA	-0.502668	NA	NA	0.199667	0.000287	0.357932	-0.035871	NA	-0.058704	0.111185	-0.002679	NA	0.253543	0.000000	NA	-0.047859	NA	NA	
55128.000000	32743.125000	40104.700000	40428.291667	36952.400000	61087.000000	NA	10.396448	10.599249	10.607285	10.517386	11.020054	NA	-0.202801	-0.210837	-0.120938	-0.623606	NA	-0.008036	0.081863	-0.420806	NA	0.089899	-0.412769	NA	-0.502668	NA	NA	0.598930	0.355193	0.829940	0.044008	NA	-0.058704	0.111185	-0.002679	NA	0.253543	0.000000	NA	-0.047859	NA	NA	
56327.000000	29427.000000	40104.700000	40428.291667	36952.400000	61087.000000	NA	10.289668	10.599249	10.607285	10.517386	11.020054	NA	-0.309581	-0.317617	-0.227718	-0.730386	NA	-0.008036	0.081863	-0.420806	NA	0.089899	-0.412769	NA	-0.502668	NA	NA	0.232712	0.029660	0.396997	-0.029260	NA	-0.058704	0.111185	-0.002679	NA	0.253543	0.000000	NA	-0.047859	NA	NA	
57019.000000	29427.000000	40104.700000	40428.291667	36952.400000	61087.000000	NA	10.289668	10.599249	10.607285	10.517386	11.020054	NA	-0.309581	-0.317617	-0.227718	-0.730386	NA	-0.008036	0.081863	-0.420806	NA	0.089899	-0.412769	NA	-0.502668	NA	NA	0.232712	0.029660	0.396997	-0.029260	NA	-0.058704	0.111185	-0.002679	NA	0.253543	0.000000	NA	-0.047859	NA	NA	
57836.000000	32546.687500	49480.875000	43831.409091	39378.000000	61087.000000	NA	10.390431	10.809342	10.688106	10.580963	11.020054	NA	-0.418911	-0.297675	-0.190532	-0.629623	NA	0.121236	0.228379	-0.210713	NA	0.107143	-0.331948	NA	-0.439092	NA	NA	-0.142249	0.090456	0.547769	0.039879	NA	0.599209	0.691687	0.140543	NA	0.327235	0.058380	NA	0.000000	NA	NA	
57847.000000	26113.850000	39737.100000	40210.666667	36778.300000	61087.000000	NA	10.170221	10.590041	10.601888	10.512663	11.020054	NA	-0.419819	-0.431666	-0.342442	-0.849833	NA	-0.011847	0.077377	-0.430014	NA	0.089224	-0.418167	NA	-0.507391	NA	NA	-0.145366	-0.318033	-0.068155	-0.111220	NA	-0.078098	0.093413	-0.008956	NA	0.250659	-0.003899	NA	-0.051414	NA	NA	
58601.000000	32546.687500	45574.961538	49251.350000	39378.000000	61087.000000	NA	10.390431	10.727114	10.804692	10.580963	11.020054	NA	-0.336683	-0.414261	-0.190532	-0.629623	NA	-0.077578	0.146151	-0.292941	NA	0.223729	-0.215362	NA	-0.439092	NA	NA	0.139762	-0.264971	0.547769	0.039879	NA	-0.412629	0.365898	0.084488	NA	0.825465	0.142596	NA	0.000000	NA	NA	
58650.000000	42712.916667	42323.250000	49251.350000	42130.076923	61087.000000	NA	10.662257	10.653092	10.804692	10.648517	11.020054	NA	0.009165	-0.142435	0.013739	-0.357798	NA	-0.151600	0.004575	-0.366962	NA	0.156175	-0.215362	NA	-0.371537	NA	NA	1.325893	0.563723	1.375992	0.226395	NA	-0.789354	-0.195034	0.034026	NA	0.536771	0.142596	NA	0.050853	NA	NA	
58703.000000	32041.437500	49303.291667	49251.350000	39137.464286	61087.000000	NA	10.374785	10.805746	10.804692	10.574835	11.020054	NA	-0.430961	-0.429907	-0.200050	-0.645269	NA	0.001054	0.230911	-0.214308	NA	0.229857	-0.215362	NA	-0.445219	NA	NA	-0.183577	-0.312668	0.509177	0.029144	NA	-0.012440	0.701718	0.138092	NA	0.851649	0.142596	NA	-0.004612	NA	NA	
58704.000000	32037.687500	39444.566667	39843.708333	36529.100000	61087.000000	NA	10.374668	10.582652	10.592720	10.505864	11.020054	NA	-0.207983	-0.218052	-0.131196	-0.645386	NA	-0.010068	0.076787	-0.437403	NA	0.086855	-0.427335	NA	-0.514190	NA	NA	0.581154	0.333198	0.788346	0.029064	NA	-0.069045	0.091075	-0.013993	NA	0.240535	-0.010521	NA	-0.056532	NA	NA	
58713.000000	28521.833333	43376.384615	39843.708333	44643.772727	61087.000000	NA	10.258425	10.677670	10.592720	10.706470	11.020054	NA	-0.419245	-0.334295	-0.448045	-0.761629	NA	0.084951	-0.028800	-0.342384	NA	-0.113750	-0.427335	NA	-0.313584	NA	NA	-0.143397	-0.021183	-0.496324	-0.050698	NA	0.414541	-0.327264	0.050782	NA	-0.616751	-0.010521	NA	0.094479	NA	NA	
58718.000000	32132.562500	45525.692308	49251.350000	40262.285714	61087.000000	NA	10.377625	10.726032	10.804692	10.603170	11.020054	NA	-0.348407	-0.427067	-0.225545	-0.642429	NA	-0.078660	0.122862	-0.294022	NA	0.201522	-0.215362	NA	-0.416884	NA	NA	0.099553	-0.304011	0.405806	0.031093	NA	-0.418134	0.273624	0.083750	NA	0.730560	0.142596	NA	0.016718	NA	NA	
59102.000000	25744.750000	45766.423077	42155.250000	42197.571429	61087.000000	NA	10.155986	10.731306	10.649115	10.650118	11.020054	NA	-0.575320	-0.493129	-0.494132	-0.864068	NA	0.082191	0.081188	-0.288748	NA	-0.001003	-0.370940	NA	-0.369936	NA	NA	-0.678676	-0.505407	-0.683185	-0.120987	NA	0.400499	0.108511	0.087346	NA	-0.134929	0.030215	NA	0.052058	NA	NA	
59105.000000	42712.916667	46353.884615	45969.954545	42197.571429	61087.000000	NA	10.662257	10.744060	10.735743	10.650118	11.020054	NA	-0.081804	-0.073487	0.012139	-0.357798	NA	0.008317	0.093942	-0.275994	NA	0.085625	-0.284311	NA	-0.369936	NA	NA	1.013904	0.773921	1.369501	0.226395	NA	0.024524	0.159045	0.096040	NA	0.235278	0.092791	NA	0.052058	NA	NA	
59324.000000	31835.300000	44990.357143	42800.041667	42197.571429	61087.000000	NA	10.368331	10.714203	10.664294	10.650118	11.020054	NA	-0.345872	-0.295963	-0.281787	-0.651723	NA	0.049909	0.064086	-0.305851	NA	0.014176	-0.355760	NA	-0.369936	NA	NA	0.108245	0.095674	0.177773	0.024715	NA	0.236202	0.040751	0.075687	NA	-0.070058	0.041180	NA	0.052058	NA	NA	
59350.000000	35358.944444	42242.466667	42800.041667	39897.700000	61087.000000	NA	10.473307	10.651181	10.664294	10.594074	11.020054	NA	-0.177875	-0.190988	-0.120767	-0.546748	NA	-0.013113	0.057107	-0.368873	NA	0.070220	-0.355760	NA	-0.425980	NA	NA	0.684416	0.415705	0.830631	0.096745	NA	-0.084541	0.013103	0.032724	NA	0.169446	0.041180	NA	0.009870	NA	NA	
66868.000000	34093.300000	48128.153846	42800.041667	39897.700000	61087.000000	NA	10.436856	10.781623	10.664294	10.594074	11.020054	NA	-0.344766	-0.227438	-0.157218	-0.583198	NA	0.117328	0.187549	-0.238432	NA	0.070220	-0.355760	NA	-0.425980	NA	NA	0.112038	0.304582	0.682841	0.071734	NA	0.579323	0.529916	0.121647	NA	0.169446	0.041180	NA	0.009870	NA	NA	
66892.000000	37029.722222	44701.607143	42800.041667	39897.700000	61087.000000	NA	10.519476	10.707765	10.664294	10.594074	11.020054	NA	-0.188289	-0.144818	-0.074598	-0.500578	NA	0.043470	0.113691	-0.312290	NA	0.070220	-0.355760	NA	-0.425980	NA	NA	0.648700	0.556459	1.017826	0.128425	NA	0.203433	0.237288	0.071297	NA	0.169446	0.041180	NA	0.009870	NA	NA	
66930.000000	33329.050000	41723.033333	42800.041667	44774.961538	61087.000000	NA	10.414185	10.638809	10.664294	10.709404	11.020054	NA	-0.224624	-0.250110	-0.295220	-0.605870	NA	-0.025486	-0.070596	-0.381246	NA	-0.045110	-0.355760	NA	-0.310650	NA	NA	0.524083	0.235465	0.123309	0.056178	NA	-0.147511	-0.492861	0.024289	NA	-0.323417	0.041180	NA	0.096688	NA	NA	
66938.000000	37029.722222	47537.846154	42800.041667	40192.966667	61087.000000	NA	10.519476	10.769281	10.664294	10.601447	11.020054	NA	-0.249805	-0.144818	-0.081971	-0.500578	NA	0.104987	0.167834	-0.250773	NA	0.062847	-0.355760	NA	-0.418607	NA	NA	0.437720	0.556459	0.987931	0.128425	NA	0.516514	0.451806	0.113234	NA	0.137936	0.041180	NA	0.015420	NA	NA	
67135.000000	37029.722222	51486.291667	42800.041667	42513.928571	61087.000000	NA	10.519476	10.849071	10.664294	10.657587	11.020054	NA	-0.329595	-0.144818	-0.138111	-0.500578	NA	0.184777	0.191484	-0.170983	NA	0.006707	-0.355760	NA	-0.362467	NA	NA	0.164072	0.556459	0.760311	0.128425	NA	0.922592	0.545507	0.167627	NA	-0.101977	0.041180	NA	0.057681	NA	NA	
67156.000000	33170.722222	41581.866667	51685.444444	45767.961538	61087.000000	NA	10.409423	10.635419	10.852931	10.731340	11.020054	NA	-0.225997	-0.443509	-0.321917	-0.610631	NA	-0.217512	-0.095920	-0.384635	NA	0.121592	-0.167123	NA	-0.288715	NA	NA	0.519376	-0.354135	0.015066	0.052911	NA	-1.124804	-0.593198	0.021979	NA	0.388981	0.177441	NA	0.113200	NA	NA	
67167.000000	31917.600000	41581.866667	51685.444444	45767.961538	61087.000000	NA	10.370913	10.635419	10.852931	10.731340	11.020054	NA	-0.264507	-0.482019	-0.360427	-0.649141	NA	-0.217512	-0.095920	-0.384635	NA	0.121592	-0.167123	NA	-0.288715	NA	NA	0.387300	-0.471538	-0.141074	0.026487	NA	-1.124804	-0.593198	0.021979	NA	0.388981	0.177441	NA	0.113200	NA	NA	
70077.000000	35299.944444	47751.923077	41986.291667	43757.071429	61087.000000	NA	10.471637	10.773775	10.645098	10.686409	11.020054	NA	-0.302138	-0.173462	-0.214772	-0.548418	NA	0.128676	0.087366	-0.246280	NA	-0.041310	-0.374956	NA	-0.333646	NA	NA	0.258239	0.469135	0.449487	0.095599	NA	0.637077	0.132989	0.116297	NA	-0.307178	0.027314	NA	0.079377	NA	NA	
70093.000000	35299.944444	51486.291667	41986.291667	43757.071429	61087.000000	NA	10.471637	10.849071	10.645098	10.686409	11.020054	NA	-0.377434	-0.173462	-0.214772	-0.548418	NA	0.203972	0.162662	-0.170983	NA	-0.041310	-0.374956	NA	-0.333646	NA	NA	0.000000	0.469135	0.449487	0.095599	NA	1.020287	0.431316	0.167627	NA	-0.307178	0.027314	NA	0.079377	NA	NA	
70219.000000	31887.800000	41352.200000	41856.454545	40699.392857	61087.000000	NA	10.369979	10.629881	10.642001	10.613968	11.020054	NA	-0.259902	-0.272023	-0.243990	-0.650076	NA	-0.012120	0.015912	-0.390173	NA	0.028033	-0.378053	NA	-0.406086	NA	NA	0.403092	0.168661	0.331023	0.025846	NA	-0.079489	-0.150113	0.018203	NA	-0.010842	0.025077	NA	0.024846	NA	NA	
70257.000000	31887.800000	41352.200000	41856.454545	40699.392857	61087.000000	NA	10.369979	10.629881	10.642001	10.613968	11.020054	NA	-0.259902	-0.272023	-0.243990	-0.650076	NA	-0.012120	0.015912	-0.390173	NA	0.028033	-0.378053	NA	-0.406086	NA	NA	0.403092	0.168661	0.331023	0.025846	NA	-0.079489	-0.150113	0.018203	NA	-0.010842	0.025077	NA	0.024846	NA	NA	
71324.000000	31887.800000	47616.461538	39684.916667	41757.428571	61087.000000	NA	10.369979	10.770934	10.588726	10.639633	11.020054	NA	-0.400955	-0.218748	-0.269654	-0.650076	NA	0.182207	0.131301	-0.249121	NA	-0.050906	-0.431328	NA	-0.380422	NA	NA	-0.080668	0.331076	0.226967	0.025846	NA	0.909517	0.307061	0.114360	NA	-0.348187	-0.013406	NA	0.044165	NA	NA	
71345.000000	35299.944444	51486.291667	39684.916667	41757.428571	61087.000000	NA	10.471637	10.849071	10.588726	10.639633	11.020054	NA	-0.377434	-0.117090	-0.167996	-0.548418	NA	0.260344	0.209438	-0.170983	NA	-0.050906	-0.431328	NA	-0.380422	NA	NA	0.000000	0.640992	0.639141	0.095599	NA	1.307185	0.616643	0.167627	NA	-0.348187	-0.013406	NA	0.044165	NA	NA	
71431.000000	35299.944444	51486.291667	39684.916667	41757.428571	61087.000000	NA	10.471637	10.849071	10.588726	10.639633	11.020054	NA	-0.377434	-0.117090	-0.167996	-0.548418	NA	0.260344	0.209438	-0.170983	NA	-0.050906	-0.431328	NA	-0.380422	NA	NA	0.000000	0.640992	0.639141	0.095599	NA	1.307185	0.616643	0.167627	NA	-0.348187	-0.013406	NA	0.044165	NA	NA	
73636.000000	35299.944444	51486.291667	39684.916667	39887.200000	61087.000000	NA	10.471637	10.849071	10.588726	10.593811	11.020054	NA	-0.377434	-0.117090	-0.122174	-0.548418	NA	0.260344	0.255260	-0.170983	NA	-0.005084	-0.431328	NA	-0.426244	NA	NA	0.000000	0.640992	0.824927	0.095599	NA	1.307185	0.798191	0.167627	NA	-0.152368	-0.013406	NA	0.009672	NA	NA	
75311.000000	35299.944444	45410.607143	39684.916667	39887.200000	61087.000000	NA	10.471637	10.723501	10.588726	10.593811	11.020054	NA	-0.251864	-0.117090	-0.122174	-0.548418	NA	0.134775	0.129690	-0.296553	NA	-0.005084	-0.431328	NA	-0.426244	NA	NA	0.430659	0.640992	0.824927	0.095599	NA	0.668114	0.300679	0.082025	NA	-0.152368	-0.013406	NA	0.009672	NA	NA	
75324.000000	35299.944444	43215.466667	39684.916667	39887.200000	61087.000000	NA	10.471637	10.673954	10.588726	10.593811	11.020054	NA	-0.202317	-0.117090	-0.122174	-0.548418	NA	0.085227	0.080143	-0.346101	NA	-0.005084	-0.431328	NA	-0.426244	NA	NA	0.600588	0.640992	0.824927	0.095599	NA	0.415949	0.104371	0.048248	NA	-0.152368	-0.013406	NA	0.009672	NA	NA	
76450.000000	32762.400000	40900.428571	39684.916667	39887.200000	61087.000000	NA	10.397037	10.618896	10.588726	10.593811	11.020054	NA	-0.221859	-0.191690	-0.196774	-0.623018	NA	0.030169	0.025085	-0.401159	NA	-0.005084	-0.431328	NA	-0.426244	NA	NA	0.533566	0.413565	0.522460	0.044412	NA	0.135739	-0.113771	0.010715	NA	-0.152368	-0.013406	NA	0.009672	NA	NA	
76471.000000	32762.400000	37151.346154	39719.136364	39887.200000	61087.000000	NA	10.397037	10.522755	10.589588	10.593811	11.020054	NA	-0.125718	-0.192552	-0.196774	-0.623018	NA	-0.066833	-0.071055	-0.497299	NA	-0.004222	-0.430466	NA	-0.426244	NA	NA	0.863293	0.410938	0.522460	0.044412	NA	-0.357943	-0.494683	-0.054825	NA	-0.148685	-0.012783	NA	0.009672	NA	NA	
76474.000000	32762.400000	37151.346154	39719.136364	39887.200000	61087.000000	NA	10.397037	10.522755	10.589588	10.593811	11.020054	NA	-0.125718	-0.192552	-0.196774	-0.623018	NA	-0.066833	-0.071055	-0.497299	NA	-0.004222	-0.430466	NA	-0.426244	NA	NA	0.863293	0.410938	0.522460	0.044412	NA	-0.357943	-0.494683	-0.054825	NA	-0.148685	-0.012783	NA	0.009672	NA	NA	
85623.000000	32762.400000	34992.678571	36841.625000	39887.200000	61087.000000	NA	10.397037	10.462894	10.514384	10.593811	11.020054	NA	-0.065857	-0.117347	-0.196774	-0.623018	NA	-0.051489	-0.130917	-0.557160	NA	-0.079427	-0.505671	NA	-0.426244	NA	NA	1.068594	0.640208	0.522460	0.044412	NA	-0.279853	-0.731855	-0.095633	NA	-0.470071	-0.067107	NA	0.009672	NA	NA	
86000.000000	36874.625000	36812.269231	36841.625000	39887.200000	61087.000000	NA	10.515279	10.513586	10.514384	10.593811	11.020054	NA	0.001692	0.000895	-0.078532	-0.504775	NA	-0.000797	-0.080224	-0.506468	NA	-0.079427	-0.505671	NA	-0.426244	NA	NA	1.300265	1.000684	1.001876	0.125545	NA	-0.021861	-0.531010	-0.061075	NA	-0.470071	-0.067107	NA	0.009672	NA	NA	
86475.000000	29622.562500	27236.333333	41098.700000	48286.150000	61087.000000	NA	10.296292	10.212307	10.623732	10.784900	11.020054	NA	0.083984	-0.327440	-0.488608	-0.723763	NA	-0.411425	-0.572593	-0.807747	NA	-0.161168	-0.396323	NA	-0.235154	NA	NA	1.582497	-0.000287	-0.660790	-0.024715	NA	-2.111697	-2.481792	-0.266460	NA	-0.819391	0.011880	NA	0.153519	NA	NA	
86483.000000	34912.416667	23143.923077	17858.150000	36095.615385	61087.000000	NA	10.460598	10.049488	9.790215	10.493927	11.020054	NA	0.411110	0.670383	-0.033329	-0.559457	NA	0.259272	-0.444439	-0.970567	NA	-0.703711	-1.229839	NA	-0.526128	NA	NA	2.704419	3.041697	1.185152	0.088025	NA	1.301729	-1.974043	-0.377455	NA	-3.137942	-0.590205	NA	-0.065518	NA	NA	
86489.000000	41845.200000	22758.375000	17858.150000	36095.615385	61087.000000	NA	10.641732	10.032688	9.790215	10.493927	11.020054	NA	0.609044	0.851517	0.147806	-0.378322	NA	0.242473	-0.461238	-0.987366	NA	-0.703711	-1.229839	NA	-0.526128	NA	NA	3.383258	3.593907	1.919567	0.212312	NA	1.216232	-2.040601	-0.388907	NA	-3.137942	-0.590205	NA	-0.065518	NA	NA	
86688.000000	26602.312500	18923.541667	40834.750000	50554.277778	61087.000000	NA	10.188753	9.848162	10.617289	10.830803	11.020054	NA	0.340591	-0.428535	-0.642049	-0.831301	NA	-0.769127	-0.982641	-1.171892	NA	-0.213514	-0.402766	NA	-0.189252	NA	NA	2.462565	-0.308487	-1.282920	-0.098504	NA	-3.932176	-4.106417	-0.514701	NA	-1.043090	0.007226	NA	0.188074	NA	NA	
86779.000000	21495.350000	15252.733333	14371.590909	29712.933333	61087.000000	NA	9.975592	9.632514	9.573009	10.299338	11.020054	NA	0.343078	0.402583	-0.323746	-1.044462	NA	0.059505	-0.666824	-1.387540	NA	-0.726329	-1.447046	NA	-0.720717	NA	NA	2.471092	2.225278	0.007650	-0.244766	NA	0.285040	-2.855138	-0.661710	NA	-3.234598	-0.747103	NA	-0.212000	NA	NA	
87329.000000	17153.388889	17550.000000	18706.222222	34726.208333	61087.000000	NA	9.749951	9.772809	9.836611	10.455250	11.020054	NA	-0.022858	-0.086660	-0.705299	-1.270103	NA	-0.063802	-0.682441	-1.247245	NA	-0.618638	-1.183443	NA	-0.564804	NA	NA	1.216066	0.733760	-1.539367	-0.399592	NA	-0.342518	-2.917013	-0.566069	NA	-2.774384	-0.556691	NA	-0.094633	NA	NA	
87756.000000	15463.900000	15244.466667	9843.000000	30467.115385	61087.000000	NA	9.646264	9.631972	9.194516	10.324403	11.020054	NA	0.014292	0.451748	-0.678140	-1.373791	NA	0.437456	-0.692431	-1.388082	NA	-1.129887	-1.825539	NA	-0.695651	NA	NA	1.343476	2.375162	-1.429249	-0.470738	NA	2.208573	-2.956596	-0.662079	NA	-4.959199	-1.020505	NA	-0.193131	NA	NA	
87801.000000	19032.375000	16223.285714	9024.625000	26407.833333	61087.000000	NA	9.853897	9.694203	9.107712	10.181416	11.020054	NA	0.159694	0.746185	-0.327519	-1.166158	NA	0.586491	-0.487213	-1.325851	NA	-1.073704	-1.912342	NA	-0.838638	NA	NA	1.842152	3.272788	-0.007650	-0.328268	NA	2.967065	-2.143514	-0.619656	NA	-4.719099	-1.083207	NA	-0.300769	NA	NA	
