Position	Rsbk[0]	Rsbk[1]	Rsbk[2]	Rsbk[3]	Rsbk[4]	Rsbk[5]	Rsbk[6]	Rsbk[7]	Rsbk[8]	Rsbk[9]	
13233.000000	0.117743	0.046167	0.046167	0.135616	0.115517	0.042518	0.042434	0.000000	0.042518	0.042518	
13621.000000	0.117743	0.046167	0.046167	0.135616	0.115517	0.042518	0.042434	0.000000	0.042518	0.042518	
18007.000000	0.105969	0.041550	0.041550	0.122054	0.103965	0.038266	0.038191	0.017621	0.038266	0.038266	
18008.000000	0.117743	0.046167	0.046167	0.135616	0.115517	0.042518	0.000000	0.019579	0.042518	0.042518	
18026.000000	0.169156	0.066325	0.066325	0.194833	0.165957	0.000000	0.108072	0.000000	0.000000	0.000000	
18370.000000	0.106331	0.041692	0.041692	0.131850	0.104320	0.152008	0.067934	0.033273	0.066481	0.033273	
18485.000000	0.116004	0.000000	0.000000	0.143844	0.113810	0.165836	0.074113	0.036299	0.072529	0.036299	
26202.000000	0.128913	0.636950	0.044231	0.159852	0.126475	0.184436	0.082361	0.000000	0.080600	0.000000	
26204.000000	0.122755	0.606526	0.042118	0.152216	0.120434	0.175627	0.078427	0.000000	0.076750	0.002576	
26213.000000	0.122755	0.606526	0.042118	0.152216	0.120434	0.175627	0.078427	0.000000	0.076750	0.002576	
26248.000000	0.065085	0.321583	0.022331	0.080706	0.000000	0.093118	0.041582	0.001231	0.040693	0.001366	
26714.000000	0.000000	0.464092	0.032227	0.116471	0.429461	0.134383	0.000000	0.000000	0.000000	0.000000	
26730.000000	0.001110	0.211790	0.014707	0.053152	0.195986	0.061326	0.000063	0.001110	0.001110	0.000063	
26753.000000	0.001226	0.233876	0.016241	0.058695	0.216424	0.067722	0.000000	0.001226	0.001226	0.000000	
27025.000000	0.001508	0.287736	0.000000	0.072212	0.266265	0.083317	0.000000	0.001508	0.001508	0.000000	
27105.000000	0.000000	0.374202	0.000000	0.093911	0.346279	0.108355	0.003899	0.000000	0.000000	0.000000	
28389.000000	0.011591	0.237765	0.002637	0.059671	0.220023	0.068848	0.000000	0.006951	0.006951	0.002637	
28423.000000	0.010432	0.213988	0.002373	0.053703	0.198020	0.061963	0.000219	0.006255	0.006255	0.002373	
28449.000000	0.010070	0.206567	0.002291	0.051841	0.191153	0.059814	0.000211	0.006039	0.006039	0.002291	
28467.000000	0.010583	0.217085	0.002408	0.054481	0.200886	0.062859	0.000222	0.006346	0.006346	0.002408	
28479.000000	0.014133	0.289912	0.000000	0.072758	0.268278	0.083947	0.000000	0.008475	0.008475	0.000000	
28492.000000	0.010528	0.215955	0.003877	0.054197	0.199841	0.062532	0.003877	0.006313	0.006313	0.003877	
30829.000000	0.023121	0.474285	0.000000	0.000000	0.438894	0.136089	0.000000	0.000000	0.000000	0.000000	
31047.000000	0.000000	0.369391	0.003606	0.204327	0.341826	0.105991	0.000000	0.000000	0.000000	0.000000	
31060.000000	0.001734	0.216826	0.002117	0.119937	0.200647	0.062215	0.000000	0.000000	0.001734	0.007993	
31100.000000	0.001734	0.216826	0.002117	0.119937	0.200647	0.062215	0.000000	0.000000	0.001734	0.007993	
31516.000000	0.001486	0.185757	0.001813	0.102750	0.171895	0.053300	0.011466	0.011466	0.001486	0.006848	
31566.000000	0.001486	0.185757	0.001813	0.102750	0.171895	0.053300	0.011466	0.011466	0.001486	0.006848	
31567.000000	0.001486	0.185757	0.001813	0.102750	0.171895	0.053300	0.011466	0.011466	0.001486	0.006848	
31569.000000	0.001486	0.185757	0.001813	0.102750	0.171895	0.053300	0.011466	0.011466	0.001486	0.006848	
31585.000000	0.000000	0.231456	0.000000	0.128029	0.214185	0.066413	0.014287	0.014287	0.000000	0.008532	
35348.000000	0.030784	0.199986	0.011260	0.110622	0.185063	0.057383	0.012345	0.012345	0.030784	0.000000	
35349.000000	0.034632	0.224985	0.012667	0.124449	0.208196	0.064556	0.000000	0.000000	0.034632	0.002989	
37087.000000	0.030784	0.199986	0.011260	0.110622	0.185063	0.057383	0.022378	0.022378	0.030784	0.000000	
37092.000000	0.030784	0.199986	0.011260	0.110622	0.185063	0.057383	0.022378	0.022378	0.030784	0.000000	
37096.000000	0.030784	0.199986	0.011260	0.110622	0.185063	0.057383	0.022378	0.022378	0.030784	0.000000	
37137.000000	0.023222	0.150858	0.008494	0.083447	0.139601	0.043286	0.016881	0.016881	0.023222	0.000082	
37167.000000	0.034684	0.212040	0.000000	0.124636	0.208508	0.000000	0.025213	0.025213	0.034684	0.000000	
49918.000000	0.000000	0.314564	0.032971	0.184899	0.309324	0.055244	0.000000	0.000000	0.000000	0.000000	
49921.000000	0.013077	0.174758	0.018317	0.102721	0.171847	0.030691	0.000226	0.000000	0.013077	0.000226	
50077.000000	0.015867	0.212040	0.000000	0.124636	0.208508	0.037238	0.000000	0.014389	0.015867	0.000000	
50089.000000	0.011348	0.151648	0.006926	0.089138	0.149122	0.026632	0.010710	0.010291	0.011348	0.006926	
51708.000000	0.012081	0.161450	0.007374	0.094899	0.158760	0.028354	0.011403	0.010956	0.012081	0.007374	
51765.000000	0.012081	0.161450	0.007374	0.094899	0.158760	0.028354	0.011403	0.010956	0.012081	0.007374	
51769.000000	0.012081	0.161450	0.007374	0.094899	0.158760	0.028354	0.011403	0.010956	0.012081	0.007374	
51773.000000	0.011792	0.157586	0.007198	0.092628	0.154961	0.027675	0.011130	0.010693	0.011792	0.007198	
51776.000000	0.011854	0.158413	0.007235	0.093114	0.155775	0.027820	0.011188	0.010750	0.011854	0.007235	
54017.000000	0.014818	0.198017	0.000000	0.116393	0.194718	0.034776	0.013985	0.013437	0.014818	0.000000	
54341.000000	0.013171	0.176015	0.000519	0.103460	0.173083	0.030912	0.012431	0.000000	0.013171	0.000519	
54380.000000	0.015922	0.212778	0.000000	0.125070	0.209234	0.000000	0.015028	0.000582	0.015922	0.000000	
54487.000000	0.013200	0.176403	0.008574	0.103689	0.173465	0.095556	0.000000	0.000483	0.013200	0.000273	
54571.000000	0.000000	0.298217	0.014495	0.175290	0.293250	0.161541	0.000000	0.000000	0.000000	0.000000	
54937.000000	0.075327	0.147380	0.007163	0.086629	0.144925	0.079834	0.000647	0.000858	0.079067	0.006397	
54952.000000	0.080040	0.156602	0.007612	0.092050	0.153994	0.084830	0.000688	0.000911	0.084015	0.006797	
55097.000000	0.094667	0.185220	0.009003	0.108871	0.182135	0.100332	0.000000	0.001078	0.099368	0.008039	
55128.000000	0.106500	0.208373	0.010128	0.122480	0.204902	0.112873	0.000000	0.000000	0.111789	0.009044	
56327.000000	0.094667	0.185220	0.009003	0.108871	0.182135	0.100332	0.000000	0.008714	0.099368	0.008039	
57019.000000	0.094667	0.185220	0.009003	0.108871	0.182135	0.100332	0.000000	0.008714	0.099368	0.008039	
57836.000000	0.099940	0.195537	0.000000	0.114936	0.192281	0.105921	0.003803	0.009199	0.104903	0.000000	
57847.000000	0.085603	0.167487	0.001040	0.098448	0.164698	0.090726	0.003257	0.007880	0.089855	0.001040	
58601.000000	0.099940	0.195537	0.000000	0.114936	0.192281	0.105921	0.003803	0.009199	0.104903	0.000000	
58650.000000	0.124549	0.243686	0.000000	0.143237	0.239627	0.132002	0.000000	0.000000	0.130734	0.000000	
58703.000000	0.100554	0.196739	0.000000	0.115642	0.193462	0.106571	0.000086	0.000086	0.105548	0.000000	
58704.000000	0.107734	0.210787	0.000041	0.123900	0.207277	0.114181	0.000000	0.000000	0.113084	0.000041	
58713.000000	0.078357	0.153310	0.000030	0.090115	0.150756	0.083046	0.000983	0.000000	0.082249	0.000030	
58718.000000	0.097745	0.191243	0.000000	0.112411	0.188058	0.103594	0.001226	0.001205	0.102599	0.000000	
59102.000000	0.074610	0.145978	0.000459	0.085805	0.143546	0.079074	0.000936	0.000919	0.078315	0.000459	
59105.000000	0.124350	0.243296	0.000000	0.143008	0.239244	0.131791	0.000000	0.000000	0.130525	0.000000	
59324.000000	0.074610	0.145978	0.064039	0.085805	0.143546	0.079074	0.018166	0.000290	0.078315	0.064612	
59350.000000	0.087678	0.171547	0.075256	0.100834	0.168690	0.092925	0.021348	0.000000	0.092033	0.075929	
66868.000000	0.078911	0.154392	0.067731	0.090751	0.151821	0.083633	0.019213	0.056902	0.082829	0.068336	
66892.000000	0.087678	0.171547	0.075256	0.100834	0.168690	0.092925	0.000000	0.063224	0.092033	0.075929	
66930.000000	0.070315	0.137575	0.060353	0.080866	0.135283	0.074523	0.000051	0.050704	0.073807	0.060892	
66938.000000	0.087034	0.170287	0.074704	0.100094	0.167451	0.092243	0.000000	0.062760	0.091357	0.075371	
67135.000000	0.082283	0.160990	0.070625	0.094629	0.158309	0.087207	0.000000	0.059333	0.086369	0.071256	
67156.000000	0.076433	0.149544	0.065604	0.000000	0.147053	0.081006	0.003585	0.055115	0.080228	0.066190	
67167.000000	0.068789	0.134590	0.059043	0.045096	0.132348	0.072906	0.003226	0.049603	0.072206	0.059571	
70077.000000	0.079945	0.156417	0.068619	0.052409	0.153811	0.084729	0.000000	0.057648	0.083915	0.069232	
70093.000000	0.079945	0.156417	0.068619	0.052409	0.153811	0.084729	0.000000	0.057648	0.083915	0.069232	
70219.000000	0.077356	0.151351	0.066397	0.050712	0.148830	0.081985	0.002896	0.055781	0.081198	0.066990	
70257.000000	0.077356	0.151351	0.066397	0.050712	0.148830	0.081985	0.002896	0.055781	0.081198	0.066990	
71324.000000	0.075396	0.147516	0.064714	0.049427	0.145059	0.079908	0.002822	0.054368	0.079140	0.065293	
71345.000000	0.083774	0.163907	0.071905	0.054919	0.161177	0.088787	0.000000	0.060408	0.087934	0.072547	
71431.000000	0.083774	0.163907	0.071905	0.054919	0.161177	0.088787	0.000000	0.060408	0.087934	0.072547	
73636.000000	0.087701	0.171592	0.075276	0.057494	0.168734	0.092950	0.000000	0.063241	0.092057	0.075949	
75311.000000	0.087701	0.171592	0.075276	0.057494	0.168734	0.092950	0.000000	0.063241	0.092057	0.075949	
75324.000000	0.087701	0.171592	0.075276	0.057494	0.168734	0.092950	0.000000	0.063241	0.092057	0.075949	
76450.000000	0.078931	0.154433	0.067749	0.051745	0.151861	0.083655	0.024881	0.056917	0.082851	0.068354	
76471.000000	0.078931	0.154433	0.067749	0.051745	0.151861	0.083655	0.024881	0.056917	0.082851	0.068354	
76474.000000	0.078931	0.154433	0.067749	0.051745	0.151861	0.083655	0.024881	0.056917	0.082851	0.068354	
85623.000000	0.078931	0.154433	0.067749	0.051745	0.151861	0.083655	0.024881	0.056917	0.082851	0.068354	
86000.000000	0.098664	0.193041	0.084686	0.064681	0.189826	0.104568	0.000000	0.000000	0.103564	0.085443	
86475.000000	0.000000	0.159463	0.000000	0.053430	0.156807	0.086380	0.000625	0.000643	0.085550	0.070581	
86483.000000	0.000000	0.284425	0.000000	0.095300	0.279688	0.154070	0.000000	0.001147	0.152590	0.000000	
86489.000000	0.000000	0.341310	0.000000	0.114360	0.335625	0.184884	0.000000	0.000000	0.183108	0.000000	
86688.000000	0.000000	0.152309	0.000000	0.051033	0.149772	0.082504	0.002942	0.002942	0.081712	0.002998	
86779.000000	0.003593	0.207314	0.003593	0.069463	0.203861	0.112300	0.004005	0.004005	0.111221	0.004081	
87329.000000	0.003416	0.197094	0.003416	0.066039	0.000000	0.106764	0.003808	0.003808	0.105738	0.003880	
87756.000000	0.003504	0.202182	0.003504	0.067744	0.000848	0.109520	0.003906	0.003906	0.108468	0.003980	
87801.000000	0.005053	0.291575	0.005053	0.097696	0.001224	0.157943	0.000000	0.000000	0.156426	0.005739	
