CHR	POS	BRG1_IND1	BRG1_IND2	BRG1_IND3	BRG1_IND4	BRG1_IND5	BRM2_IND1	BRM2_IND2	BRM2_IND3	BRM2_IND4	BRM2_IND5	BRM2_IND6	BRM2_IND7	BRM2_IND8	BRM2_IND9	BRM2_IND10	CHCU3_IND1	CHCU3_IND2	CHCU3_IND3	CHCU3_IND4	CHCU3_IND5	CHCU3_IND6	CHCU3_IND7	CHCU3_IND8	CHCU3_IND9	CHCU3_IND10	CHCU3_IND11	CHCU3_IND12	CHCU3_IND13	CHCU3_IND14	CHCU3_IND15	CHCA4_IND1	CHCA4_IND2	CHCA4_IND3	CHCA4_IND4	CHCA4_IND5	CHCA4_IND6	CHCA4_IND7	CHCA4_IND8	CHCA4_IND9	CHCA4_IND10	CHCA4_IND11	CHCA4_IND12	CHFR5_IND1	CHFR5_IND2	CHFR5_IND3	CHFR5_IND4	CHFR5_IND5	CHFR5_IND6	CHFR5_IND7	CHFR5_IND8	CHFR5_IND9	CHFR5_IND10	CHFR5_IND11	CHFR5_IND12	CHFR5_IND13	CHFR5_IND14	CHFR5_IND15	TXL6_IND1
25	88645.000000	1	2	1	1	0	2	2	2	2	2	1	2	2	2	1	1	2	2	2	2	2	1	2	1	1	2	2	1	2	1	1	1	2	1	1	1	1	1	1	1	2	1	2	1	2	2	1	0	1	2	2	2	2	2	1	2	2	1	1	1	1
25	88900.000000	0	2	0	0	0	0	0	0	2	1	1	1	0	1	0	1	2	2	2	2	2	1	2	0	1	2	0	1	2	0	1	0	2	1	1	1	0	0	0	2	2	1	2	1	2	2	1	0	0	2	2	2	2	2	1	2	2	0	1	1	1
25	89168.000000	0	2	0	0	0	0	0	0	2	0	1	1	0	1	1	1	2	2	2	2	2	1	2	0	1	1	1	1	2	1	1	1	2	2	1	1	0	1	0	2	1	1	2	1	2	2	2	1	0	2	2	2	2	2	2	2	2	1	1	1	1
25	89428.000000	1	2	1	0	0	2	2	2	2	2	1	2	2	2	2	1	2	2	2	2	2	1	2	0	2	2	2	1	2	2	1	1	2	1	1	1	1	1	1	2	1	1	2	2	2	2	1	2	1	2	2	2	2	2	1	2	2	1	1	1	1
25	89519.000000	0	2	0	0	0	0	1	1	2	1	1	1	0	2	1	1	2	2	2	2	2	1	2	1	1	2	1	1	2	1	1	1	2	1	1	1	0	0	0	2	1	1	2	0	1	2	1	0	1	2	2	2	2	2	1	2	2	1	1	1	1
25	90411.000000	1	2	1	0	0	2	2	2	2	2	1	2	2	2	2	1	2	2	2	2	2	1	2	0	1	2	2	1	2	1	1	1	2	2	1	1	1	1	1	2	2	1	2	0	2	2	1	2	1	2	2	2	2	2	1	2	2	1	1	1	0
25	91321.000000	1	2	1	0	0	2	2	2	2	2	1	2	2	2	2	1	2	2	2	2	2	1	2	0	2	2	2	1	2	1	1	1	2	2	1	1	1	1	1	2	2	1	2	2	2	2	2	0	2	2	2	2	2	2	2	2	2	1	1	1	1
25	91948.000000	2	2	1	0	0	2	2	2	2	2	1	2	2	2	2	1	2	2	2	2	2	1	2	0	1	2	2	2	2	2	1	1	2	2	1	2	1	1	1	2	2	1	2	0	2	2	2	0	2	2	2	2	2	2	2	2	2	1	2	0	1
25	91978.000000	1	2	1	0	0	2	2	2	2	2	1	2	2	2	2	1	2	2	0	2	2	1	2	0	1	2	2	1	2	1	1	1	2	2	1	1	1	1	1	2	2	1	2	1	2	2	2	0	1	2	2	2	2	2	2	2	2	1	0	0	1
25	95973.000000	1	2	1	0	0	2	2	2	2	2	1	2	2	2	2	1	2	2	2	2	2	1	2	0	1	1	2	1	2	0	1	1	2	2	1	1	1	1	1	2	1	1	2	1	2	2	2	0	1	2	2	2	2	2	2	2	2	1	1	1	1
25	96913.000000	0	2	0	0	0	0	0	0	2	1	1	1	0	1	0	1	2	2	2	2	2	1	2	0	0	2	0	0	0	0	1	1	2	2	1	1	0	0	0	2	1	1	2	1	2	2	2	0	0	2	2	2	2	2	2	2	2	0	1	0	1
25	97206.000000	1	2	1	0	0	2	2	2	2	2	1	2	2	2	2	1	2	2	2	2	2	1	2	0	1	2	2	1	2	2	1	1	2	2	1	1	1	1	1	2	1	1	2	1	2	2	2	0	2	2	2	2	2	2	2	2	2	1	1	1	1
25	97610.000000	0	2	0	0	0	0	0	0	2	1	1	1	0	1	0	1	2	2	2	2	2	1	2	0	0	2	0	0	2	1	1	1	2	1	1	1	0	0	0	2	2	1	2	1	2	2	1	0	0	2	2	2	2	2	0	2	2	1	1	1	1
25	111200.000000	1	2	1	0	0	2	2	2	2	2	0	2	2	2	2	1	2	2	2	2	1	1	2	0	1	2	2	1	2	1	1	1	2	2	1	1	1	1	1	2	1	1	2	1	2	2	2	0	1	2	2	2	2	2	2	2	2	0	1	1	1
25	131597.000000	1	0	1	0	0	2	2	2	1	2	0	1	2	2	2	1	0	0	0	0	0	0	0	0	1	0	0	0	0	1	0	0	0	0	0	0	1	1	1	0	0	0	0	1	0	0	1	1	0	0	0	0	0	0	0	0	0	0	0	1	0
25	136154.000000	1	2	1	0	1	2	2	2	1	2	1	2	2	2	2	1	2	2	2	2	2	1	2	1	1	2	0	1	2	0	2	2	2	1	1	0	1	1	2	2	1	2	1	0	2	2	1	0	1	2	2	2	2	2	1	2	2	1	1	1	1
25	146277.000000	1	2	1	0	1	2	2	2	2	2	1	2	2	2	2	1	2	2	2	2	2	1	2	0	1	2	1	1	2	1	2	2	2	1	1	2	1	1	2	2	2	2	1	1	2	2	1	0	1	2	2	2	2	2	1	2	2	1	1	1	0
25	148754.000000	1	2	1	0	1	2	2	2	2	2	1	2	2	2	2	1	2	2	2	2	2	1	2	2	2	2	1	1	2	0	2	2	2	1	1	1	1	1	2	2	2	2	1	1	2	2	1	2	1	2	2	2	2	2	1	2	2	1	1	1	0
25	149623.000000	0	2	0	0	1	0	0	0	1	0	1	1	0	0	0	1	2	2	2	2	2	1	2	0	1	1	1	1	2	0	1	1	2	1	1	1	0	0	0	2	1	1	1	1	2	2	1	0	1	2	2	2	2	2	1	2	2	1	1	1	1
25	153465.000000	1	2	1	0	1	2	2	2	2	2	1	2	1	2	2	1	2	2	2	2	2	1	2	1	1	2	2	1	2	0	2	2	2	1	1	1	1	1	2	2	2	2	1	1	2	2	1	0	2	2	2	2	2	2	1	2	2	0	1	1	0
25	153927.000000	0	2	0	0	1	0	0	0	1	0	1	1	0	0	0	1	2	2	2	2	2	1	2	0	1	2	1	1	0	0	2	2	2	1	1	1	0	0	1	2	1	2	1	1	2	2	1	0	0	2	2	2	2	2	1	2	2	1	1	1	0
25	153977.000000	0	2	0	0	1	0	0	0	1	0	1	1	0	0	0	1	2	2	2	2	2	1	2	1	1	2	1	1	2	0	2	2	2	1	1	0	0	0	1	2	1	2	0	1	2	2	1	0	0	2	2	2	2	2	0	0	2	1	0	1	0
25	155623.000000	1	2	1	0	1	2	2	2	2	2	1	2	1	2	2	1	2	2	2	2	2	1	2	1	2	2	1	1	2	1	2	2	2	1	1	1	1	0	2	2	1	2	1	1	2	2	1	1	1	2	2	2	2	2	1	2	2	1	1	1	0
25	159357.000000	0	2	0	0	1	0	0	0	1	0	1	1	0	0	0	1	2	2	2	2	2	1	2	0	1	1	1	1	2	0	2	2	2	1	1	1	0	0	1	2	1	2	1	1	2	2	0	0	1	2	2	2	2	2	1	2	2	1	1	1	0
25	160086.000000	1	2	1	0	1	2	2	2	2	2	2	2	1	2	2	1	2	2	2	2	2	1	2	2	2	2	1	1	2	0	2	2	2	1	1	1	1	1	2	2	1	2	1	1	2	2	1	0	2	2	2	2	2	2	1	2	2	1	1	1	0
25	160101.000000	1	2	1	0	1	2	2	2	2	2	1	2	1	2	2	1	2	2	2	2	2	1	2	1	1	2	1	1	2	1	2	2	2	1	1	1	1	1	1	2	2	2	1	1	2	2	0	0	1	2	2	2	2	2	1	2	2	1	1	1	0
25	160396.000000	1	2	1	0	1	2	2	2	2	2	1	2	1	2	1	1	2	2	2	2	2	1	2	0	1	2	1	1	2	1	2	2	2	1	1	1	1	1	2	2	1	2	1	1	1	2	1	0	1	2	2	2	2	2	1	2	2	1	1	1	0
25	163085.000000	0	0	0	1	0	0	0	0	0	0	0	0	1	0	0	1	0	0	0	0	0	0	0	1	0	0	1	0	0	0	0	0	0	0	0	0	1	1	0	0	0	0	1	0	0	0	0	1	0	0	0	0	0	0	0	0	0	0	0	0	1
25	173462.000000	0	2	1	0	1	2	2	2	2	2	1	2	1	2	0	1	2	2	2	2	2	1	2	2	0	2	2	1	2	1	2	2	2	2	1	1	1	1	2	2	1	2	1	1	2	2	0	0	1	2	2	2	2	2	0	2	2	1	2	0	0
25	182415.000000	1	0	1	2	1	0	0	0	0	0	0	0	1	0	0	1	1	0	1	2	1	1	1	0	2	0	2	0	1	0	1	1	1	1	1	0	1	1	0	1	1	0	0	0	0	1	2	1	0	0	2	2	1	0	2	0	1	0	0	0	0
25	182705.000000	1	1	1	2	1	0	0	0	0	0	0	0	1	0	0	1	1	0	1	2	2	1	1	1	2	0	2	0	2	0	1	1	1	1	1	0	1	1	0	1	1	0	0	1	0	1	2	1	1	1	2	2	1	0	2	0	1	0	0	0	0
25	183050.000000	0	0	0	0	1	0	0	0	1	0	1	1	0	0	0	1	1	2	1	0	1	0	1	1	1	2	0	1	1	1	1	1	1	0	0	1	0	0	1	1	0	2	2	1	1	1	0	0	1	1	0	0	1	2	0	2	1	1	1	1	0
25	183533.000000	1	1	1	1	1	2	2	2	2	2	1	2	0	2	2	1	1	2	1	0	1	0	0	1	1	2	0	1	0	1	1	1	1	0	0	1	1	1	2	0	0	2	2	1	1	1	0	0	0	1	0	0	1	2	0	2	1	1	1	1	0
25	195136.000000	1	1	1	1	1	0	0	0	1	0	2	1	0	0	0	1	1	2	0	0	1	1	0	1	0	2	1	2	0	2	1	1	1	0	1	1	0	0	1	1	0	2	2	1	2	1	0	1	1	1	0	0	1	2	0	2	1	1	1	1	0
25	197087.000000	2	1	2	2	1	2	2	2	2	2	1	2	1	2	2	1	1	2	0	0	1	1	1	2	1	2	0	2	1	2	1	1	1	1	0	2	1	1	2	1	0	2	2	1	2	1	0	0	0	1	0	0	1	2	0	2	1	1	1	2	1
25	203193.000000	2	1	0	2	1	2	2	2	2	2	2	2	1	2	2	1	0	2	0	0	1	1	1	2	0	2	0	2	1	2	1	1	1	1	0	2	1	1	2	1	0	2	2	0	2	1	0	1	0	1	0	0	0	2	0	2	1	2	1	2	1
25	204762.000000	1	1	1	1	1	0	0	0	1	0	1	1	0	0	0	1	1	2	0	0	0	1	1	1	0	1	0	2	0	2	1	1	1	0	0	2	0	0	1	0	0	2	2	1	2	1	0	1	1	1	0	0	1	2	0	1	1	1	1	0	0
25	218200.000000	2	1	2	2	1	2	2	2	1	2	0	1	2	2	2	1	0	2	0	0	1	0	1	2	0	0	0	1	1	0	0	0	0	0	0	0	1	1	1	1	0	1	2	0	0	0	0	0	0	0	0	0	0	2	0	1	0	0	0	1	1
25	221242.000000	2	1	1	2	1	0	2	0	0	0	0	0	0	2	0	1	0	2	0	0	0	0	0	2	1	0	0	1	0	0	0	0	0	1	0	0	0	0	0	1	0	1	2	0	0	0	0	2	2	0	0	0	0	2	0	0	2	0	0	1	1
25	225651.000000	2	1	2	2	1	2	2	2	1	2	0	1	1	2	2	1	0	2	0	0	1	0	1	2	1	1	0	1	1	0	0	0	0	1	0	0	1	0	1	1	0	1	2	0	0	0	0	0	0	0	0	0	0	2	0	1	0	0	0	0	1
25	227307.000000	2	1	2	2	1	2	2	2	1	2	0	1	1	2	2	1	0	2	0	0	1	0	1	2	1	1	0	1	1	0	0	0	0	1	0	0	1	1	1	1	0	1	2	0	0	0	0	0	0	0	0	0	0	2	0	1	0	0	0	0	1
25	230727.000000	2	1	2	2	1	2	2	2	1	2	0	1	1	2	2	1	1	2	0	0	1	0	1	1	1	1	0	1	1	0	0	0	0	1	0	0	1	1	1	0	0	1	2	0	0	0	0	0	1	0	0	0	0	2	0	1	0	0	0	1	1
25	233024.000000	2	1	2	2	2	2	2	2	1	2	0	1	1	2	2	1	0	2	0	0	1	0	1	2	1	1	2	1	0	0	0	0	0	1	0	0	1	1	1	1	0	0	2	2	2	0	0	0	0	0	0	0	0	2	0	0	2	0	0	1	1
25	234450.000000	2	1	2	2	1	2	2	2	1	2	0	1	1	2	2	1	0	2	0	0	2	0	1	2	1	1	2	1	2	0	0	0	0	1	0	2	1	1	0	1	0	1	2	0	0	0	0	0	0	0	0	0	0	2	0	1	0	0	0	1	1
25	235121.000000	1	0	1	1	1	1	2	2	2	2	2	2	1	2	1	1	1	2	0	0	1	1	1	2	1	1	1	2	0	2	1	1	1	1	0	2	1	0	2	1	0	2	1	1	2	1	0	1	0	1	0	0	1	2	0	2	1	2	1	2	1
25	236787.000000	2	1	2	2	1	2	2	2	1	2	0	1	1	2	2	1	0	2	0	0	1	0	1	2	1	1	0	2	1	0	0	0	0	1	0	0	1	1	1	1	0	1	2	2	0	0	0	0	2	0	0	0	0	2	0	1	0	0	2	1	1
25	241235.000000	2	1	2	2	1	2	2	2	2	2	2	2	1	2	2	1	1	2	0	0	1	1	1	2	1	2	0	1	1	2	1	0	1	1	0	2	1	0	2	1	0	2	2	1	2	1	0	1	2	1	0	0	1	2	0	2	1	2	1	2	1
25	246782.000000	2	1	2	2	1	2	2	2	2	2	2	2	1	2	2	1	1	2	0	0	1	1	1	2	1	2	0	2	1	2	1	1	1	1	0	2	1	1	2	1	0	2	2	1	2	1	0	1	1	1	0	0	1	2	0	2	1	2	1	2	1
25	250316.000000	2	1	2	2	1	2	2	2	2	2	2	2	1	2	2	1	1	2	0	0	1	1	1	2	1	2	0	2	1	2	1	1	1	1	0	2	1	1	2	1	0	2	2	1	2	1	0	2	1	1	0	0	0	2	0	2	1	2	1	2	1
25	268323.000000	2	1	2	2	1	2	2	2	2	2	1	2	1	2	2	1	1	2	0	0	1	1	1	2	2	2	0	2	1	2	1	1	1	1	0	2	1	1	2	0	0	2	2	2	2	1	0	1	0	1	0	0	1	2	0	2	1	1	1	2	1
25	271849.000000	2	1	2	2	0	0	2	2	2	2	1	2	1	2	2	1	0	2	0	0	1	1	1	2	1	2	0	1	1	2	1	1	1	1	0	2	1	1	2	1	0	2	0	1	2	1	0	1	0	1	0	0	1	2	0	2	1	1	1	2	1
25	275724.000000	2	1	2	2	1	2	2	2	2	2	1	2	1	2	2	1	1	2	0	0	1	1	1	2	1	2	0	1	0	1	1	1	1	1	0	1	1	1	2	1	0	2	2	1	2	1	0	1	1	1	0	0	1	2	0	2	1	1	0	2	1
25	279528.000000	2	1	2	2	2	2	2	2	2	2	2	2	1	0	0	1	1	2	0	0	0	1	0	0	0	0	0	2	0	2	1	1	1	1	0	2	1	1	2	1	0	2	2	1	2	1	0	0	0	1	0	0	1	2	0	2	0	2	1	2	1
25	280257.000000	2	1	2	1	2	2	1	2	2	2	2	2	1	1	1	1	1	2	0	0	1	0	0	1	0	2	1	1	1	1	1	1	1	0	0	0	1	1	2	1	0	2	2	0	2	1	0	0	1	1	0	0	1	2	0	2	1	2	1	0	0
25	281979.000000	1	0	1	0	2	2	0	0	1	0	2	0	0	0	0	1	2	2	0	0	1	0	0	1	2	2	0	1	1	1	1	1	1	0	0	1	0	0	1	1	0	2	2	0	2	1	0	2	1	1	0	0	1	2	0	2	1	2	1	1	0
25	285840.000000	1	0	1	0	1	2	2	2	2	2	1	2	1	1	2	1	1	1	0	0	1	0	0	1	1	2	1	1	1	1	1	1	1	0	0	1	1	1	2	0	0	1	1	0	2	1	1	0	1	1	0	0	1	2	1	2	1	1	0	0	0
25	285882.000000	1	0	1	0	1	2	2	2	2	2	2	2	1	1	2	1	1	1	0	0	0	0	0	1	1	2	0	1	1	1	1	2	1	1	0	1	1	1	2	0	0	1	1	0	2	1	0	0	1	1	0	0	1	2	0	2	1	1	0	0	0
25	285900.000000	2	2	2	2	1	2	2	2	2	2	2	2	2	1	2	1	1	2	1	1	0	1	1	1	1	2	1	2	1	2	1	1	2	2	0	2	2	2	0	1	1	1	2	1	2	1	0	1	1	1	0	0	1	2	0	2	1	2	1	2	1
25	292782.000000	2	1	2	2	2	2	2	2	2	2	2	2	1	2	2	1	1	2	0	0	1	1	1	2	1	0	1	2	0	2	2	1	2	1	0	2	2	0	2	1	1	2	2	2	2	1	0	1	1	1	0	0	1	2	0	1	1	2	2	2	1
25	325322.000000	2	1	2	2	2	2	2	2	2	2	2	2	1	2	2	1	1	2	0	1	1	1	1	2	1	0	1	2	0	2	2	1	2	1	0	2	1	1	2	1	1	2	2	1	2	0	0	1	1	1	0	0	1	2	0	1	1	2	1	2	1
25	331996.000000	2	1	2	2	2	2	2	2	2	2	2	2	0	2	2	1	1	2	0	0	0	1	1	2	1	0	1	2	0	2	2	1	2	1	0	2	1	1	2	1	1	2	2	1	2	1	0	1	1	1	0	0	1	2	0	1	1	2	1	2	1
25	333191.000000	2	1	2	1	2	2	2	2	2	2	2	2	1	2	2	1	1	2	0	0	0	1	1	2	1	1	1	1	1	2	2	1	2	1	0	2	1	1	2	1	1	2	2	1	2	1	0	1	1	1	0	0	1	2	0	1	1	2	1	2	1
25	333228.000000	0	0	0	1	2	0	0	0	0	0	0	0	0	0	1	1	0	0	0	0	0	1	0	0	0	0	0	0	0	1	1	0	0	1	0	1	0	0	1	0	0	1	0	1	0	0	0	1	0	0	0	0	0	0	0	0	0	0	0	1	1
25	349504.000000	1	0	1	1	2	0	0	0	0	0	0	0	0	0	1	1	0	2	0	0	0	0	0	1	1	0	0	1	0	0	2	1	1	0	0	0	0	0	1	1	1	2	2	0	0	0	0	0	1	0	0	0	0	2	0	0	0	1	1	1	0
25	359001.000000	2	1	2	1	2	2	2	2	2	2	2	2	2	2	1	1	1	2	0	0	0	0	1	1	1	0	1	2	0	1	2	1	2	0	0	1	1	1	2	1	1	2	2	1	1	1	0	0	1	0	0	1	1	2	0	1	1	2	1	1	0
25	364583.000000	2	1	2	0	2	2	2	2	2	2	2	2	2	2	1	1	1	2	0	0	1	0	1	0	0	0	1	1	0	1	2	1	2	0	0	1	1	1	2	1	1	2	2	1	1	1	0	0	0	1	0	0	1	2	0	0	1	2	1	1	0
25	396336.000000	0	0	0	0	2	0	0	0	0	0	0	0	0	0	1	1	0	0	0	0	0	0	0	0	1	0	0	0	0	0	1	1	0	0	0	0	0	0	1	0	0	1	0	1	0	0	0	0	0	0	0	0	0	0	0	0	0	0	0	0	0
25	408671.000000	1	1	2	2	1	1	1	2	2	2	2	2	2	2	2	1	1	2	0	0	1	1	1	2	1	0	0	2	0	2	2	1	2	0	0	2	1	1	2	1	1	2	2	1	2	1	0	2	1	1	0	0	1	2	0	1	1	2	1	2	1
25	437386.000000	1	1	2	2	1	2	1	2	2	2	2	2	2	2	2	1	1	2	0	0	1	1	1	2	2	0	0	2	0	2	2	1	2	2	0	2	1	2	2	1	1	2	2	0	2	1	0	2	2	1	0	0	1	2	0	1	1	2	1	2	1
25	454040.000000	1	1	2	2	1	1	1	2	2	2	2	2	2	2	2	1	1	2	0	0	1	1	1	1	2	0	0	2	0	1	1	1	2	1	0	2	1	1	1	1	1	2	2	1	1	1	0	2	1	1	0	0	1	2	0	1	1	2	1	1	1
25	513331.000000	1	1	2	2	0	2	1	2	2	2	2	2	2	2	2	1	1	2	0	0	1	1	1	2	1	2	0	2	0	2	2	1	2	1	0	2	0	0	2	1	1	2	2	2	2	0	0	2	2	1	0	0	1	2	0	1	0	2	1	2	1
25	526913.000000	1	1	0	1	1	0	1	0	0	0	0	0	0	0	0	1	1	0	2	2	1	1	1	2	2	2	2	0	2	2	0	2	0	1	2	0	2	2	0	1	1	0	0	2	0	1	1	0	2	1	2	2	1	0	2	1	1	0	1	0	1
25	538253.000000	0	0	1	0	0	2	0	2	2	2	1	2	2	2	2	1	1	0	0	0	0	0	0	1	2	0	0	0	0	1	0	0	1	0	0	1	0	0	1	0	0	0	0	0	1	1	0	0	0	2	0	0	2	0	0	1	2	0	2	0	0
25	567272.000000	0	0	1	0	0	2	1	1	2	2	1	2	2	2	2	1	1	0	0	0	0	0	0	1	0	0	0	1	0	1	0	0	1	0	0	1	0	0	1	0	0	0	0	0	1	1	0	0	1	1	0	0	1	0	0	1	1	0	0	0	0
25	569662.000000	0	1	0	0	0	0	0	0	1	0	1	1	0	0	0	1	0	0	1	0	0	0	0	1	1	0	0	0	0	1	0	0	1	0	0	1	0	0	0	0	0	0	0	0	1	1	0	0	1	1	0	0	1	0	0	1	0	0	0	0	0
25	587203.000000	0	0	1	0	0	2	1	1	2	2	1	2	2	2	0	1	1	0	0	0	0	0	0	1	0	0	0	0	0	0	0	0	1	0	0	1	0	0	1	0	0	0	0	0	0	1	0	0	0	0	0	0	1	0	0	1	1	0	0	0	0
25	597359.000000	0	0	1	0	0	1	1	1	0	1	0	1	0	0	1	1	0	0	0	0	0	0	0	1	1	0	0	0	0	0	0	0	0	0	0	0	0	0	1	0	0	0	0	0	0	0	0	0	1	0	0	0	0	0	0	0	0	0	1	0	0
25	604417.000000	1	0	1	1	1	2	1	1	2	2	2	1	2	2	2	1	2	2	1	1	2	2	2	1	0	0	0	0	1	2	2	0	2	1	2	2	0	0	2	1	2	2	2	2	0	0	1	0	2	2	2	2	2	2	1	1	2	2	0	2	1
25	604817.000000	1	1	1	1	0	2	0	1	1	2	1	0	2	2	0	1	1	0	0	0	1	1	1	0	0	0	0	1	0	2	1	2	2	2	0	2	0	0	2	0	1	1	1	1	0	0	0	0	0	0	0	0	1	0	0	0	0	1	0	1	1
25	610918.000000	1	0	1	1	0	2	1	1	1	2	0	0	2	2	2	1	1	0	0	0	1	0	0	1	0	0	0	0	0	1	0	1	1	1	0	1	0	0	1	0	0	0	0	0	0	0	0	0	1	0	0	0	0	0	0	0	0	0	0	0	0
25	611295.000000	1	0	1	1	0	2	1	1	1	2	0	0	2	2	2	1	1	0	0	0	1	0	0	0	0	0	0	0	1	1	0	1	1	1	0	1	0	0	1	0	0	0	0	0	0	0	0	0	1	0	0	0	0	0	0	0	0	0	0	0	0
25	611449.000000	1	0	1	1	0	2	1	1	1	2	0	0	2	2	2	1	0	0	0	0	1	0	0	0	1	0	1	0	0	2	0	1	1	1	0	1	0	1	1	0	0	0	0	0	0	0	0	0	0	0	0	1	0	0	0	0	0	0	0	0	0
25	611869.000000	1	0	1	2	0	0	0	0	0	0	1	0	0	0	0	1	1	0	0	0	1	0	0	0	0	0	0	0	0	1	0	1	1	1	0	1	0	0	0	0	0	0	0	0	0	0	0	0	0	0	0	0	0	0	0	0	0	0	0	0	0
25	611977.000000	1	0	1	1	0	0	1	0	0	1	1	0	0	1	1	1	1	0	0	0	1	0	0	0	0	0	0	0	0	1	0	1	1	1	0	1	0	0	1	0	0	0	0	0	0	0	0	0	0	0	0	0	0	0	0	0	0	1	0	0	0
25	612128.000000	0	0	1	0	0	2	1	1	1	2	1	0	2	0	0	1	1	0	0	0	1	0	0	0	0	0	0	0	0	1	0	1	1	1	0	1	0	0	1	0	0	0	0	0	0	0	0	0	0	0	0	0	0	0	0	0	0	1	0	0	0
25	614752.000000	1	0	1	1	0	0	0	0	0	0	1	0	0	0	0	1	1	0	0	0	1	0	0	0	0	0	0	0	0	1	0	1	1	1	0	1	0	0	0	0	0	0	0	0	0	0	0	0	0	0	0	0	0	0	0	0	0	1	0	0	0
25	614913.000000	1	0	0	1	0	0	1	1	1	2	1	0	2	2	2	1	1	0	0	0	1	0	0	0	0	0	0	0	0	1	0	1	1	1	0	1	0	0	0	0	0	0	0	0	0	0	0	0	0	0	0	0	0	0	0	0	0	1	0	0	0
25	617103.000000	0	0	1	0	0	1	1	1	1	2	1	0	2	2	2	1	1	0	0	0	1	0	0	0	1	0	1	0	0	0	0	1	1	1	0	1	0	0	1	0	0	0	0	0	0	0	0	0	1	0	0	0	1	0	0	0	0	1	0	1	1
25	623559.000000	1	2	1	1	2	2	2	2	2	2	1	2	2	2	2	1	1	2	2	2	1	2	2	2	2	2	2	2	2	1	2	1	1	1	1	1	2	2	2	2	1	2	2	2	2	2	2	2	1	2	2	2	1	2	2	2	2	1	1	1	1
25	629048.000000	2	2	1	0	2	2	2	2	2	2	1	2	2	2	2	1	1	2	2	2	1	2	2	2	2	2	2	2	2	1	2	1	1	1	1	1	2	2	2	2	1	2	2	2	2	2	2	2	2	2	2	2	1	2	2	2	2	1	1	1	1
25	631315.000000	1	2	1	1	2	2	2	2	2	2	1	2	2	2	2	1	0	2	2	2	1	2	2	2	2	1	2	2	2	1	2	1	1	1	1	1	2	2	2	2	1	2	1	2	2	2	2	2	1	2	2	2	1	2	2	2	1	1	1	0	0
25	631407.000000	2	2	1	1	2	2	2	2	2	2	1	2	2	2	2	1	1	2	2	2	1	2	2	2	2	2	2	2	2	1	2	1	1	1	1	1	2	2	2	2	1	2	2	2	2	2	2	2	1	2	2	2	1	2	2	2	2	1	2	1	1
25	632385.000000	1	0	1	1	0	0	0	0	0	0	1	0	0	0	0	1	1	0	0	0	1	0	0	0	0	0	0	0	0	1	0	1	1	1	1	1	0	0	0	0	0	0	0	0	0	0	0	0	1	0	0	0	1	0	0	0	0	1	0	1	1
25	632848.000000	1	0	1	0	0	0	0	0	0	0	1	0	0	0	0	1	1	0	0	0	1	0	0	0	0	0	0	0	0	0	1	1	1	1	1	1	0	0	0	0	0	0	0	0	0	0	0	0	0	0	0	0	1	0	0	0	0	1	1	0	1
25	632906.000000	1	0	1	1	0	2	0	1	1	1	1	0	2	1	0	1	1	0	0	0	0	0	0	0	0	0	0	0	0	0	1	1	1	1	1	1	0	0	0	0	0	0	0	0	0	0	0	0	0	0	0	0	1	0	0	0	0	1	1	1	1
25	638369.000000	1	2	1	1	2	2	2	2	2	2	1	2	2	2	2	1	1	2	2	2	2	2	2	2	2	2	2	2	2	1	1	1	1	1	1	1	2	2	2	2	2	2	2	2	2	2	2	2	2	2	2	2	1	2	2	2	2	1	1	2	1
25	641159.000000	1	2	1	2	2	0	1	1	2	1	1	2	1	1	2	1	1	2	2	2	0	2	2	2	2	2	2	2	2	1	1	1	1	1	1	1	2	2	1	2	1	2	2	2	2	2	2	2	1	2	2	2	1	2	2	2	2	1	1	1	1
25	643248.000000	1	2	1	1	2	0	1	1	1	0	1	2	0	0	1	1	1	2	2	2	1	2	2	1	2	2	2	2	1	0	2	1	1	1	1	1	2	2	1	2	1	2	2	1	2	2	2	2	1	2	2	2	1	2	2	2	2	1	1	1	1
25	682387.000000	1	0	1	0	1	0	1	1	1	0	1	2	0	0	0	1	0	0	1	1	0	1	0	1	0	2	1	1	1	1	2	1	0	0	0	1	2	2	1	0	1	1	0	0	2	2	1	2	0	1	0	0	1	0	1	2	1	0	0	0	1
25	686007.000000	1	2	1	1	2	2	2	2	2	2	1	2	2	2	2	1	1	2	2	2	1	1	1	2	2	2	2	1	2	0	2	1	0	0	1	0	2	2	2	2	1	2	1	0	2	2	2	1	1	2	2	2	2	2	2	2	2	1	2	2	2
25	689758.000000	1	0	1	1	0	2	1	1	1	2	0	0	2	2	2	1	1	0	0	0	1	0	0	1	1	0	0	1	0	2	0	0	2	1	0	2	0	1	1	0	1	0	1	1	0	0	0	1	1	0	0	0	0	0	0	0	0	0	0	0	0
25	690650.000000	0	1	0	0	1	1	1	1	1	2	0	0	2	2	2	1	1	2	1	1	1	1	2	1	1	0	1	1	1	0	0	0	0	0	1	0	0	0	1	0	0	0	1	1	1	0	1	0	1	1	2	2	0	2	1	1	1	0	1	1	0
25	695654.000000	0	1	0	0	1	2	1	1	1	2	0	0	2	2	2	1	0	2	1	1	1	1	2	1	1	0	1	0	1	0	0	0	0	0	1	0	0	0	1	0	0	0	1	1	0	0	0	0	1	1	2	2	1	2	1	0	1	1	1	1	1
25	696600.000000	0	1	0	2	1	2	1	1	1	2	0	0	2	2	2	1	1	2	1	1	1	1	2	0	1	2	1	0	1	0	0	0	0	0	1	0	0	0	1	0	1	0	1	2	0	0	1	0	0	1	2	2	1	2	1	0	1	1	1	2	1
25	707354.000000	0	1	1	1	1	1	1	2	2	1	1	2	2	1	0	1	0	0	1	1	0	0	0	1	0	2	1	0	1	1	1	1	0	0	0	0	2	2	0	2	1	2	0	1	2	2	0	1	1	0	0	0	2	0	1	2	1	0	0	1	2
25	707363.000000	0	1	1	1	1	1	1	2	2	1	1	2	2	1	0	1	0	0	1	1	0	0	0	1	0	2	1	0	1	0	1	1	0	0	0	0	2	2	1	2	1	2	0	1	2	2	0	1	0	0	0	0	2	0	1	2	1	0	0	1	2
25	756157.000000	1	1	1	2	1	2	1	1	2	1	1	2	0	0	2	1	0	0	1	1	0	1	0	1	2	2	1	2	2	2	2	1	0	1	0	1	2	2	1	2	1	2	0	2	2	2	1	2	0	1	0	0	1	0	1	2	1	0	0	0	1
25	781816.000000	0	0	0	0	1	2	1	0	0	0	0	0	2	2	1	1	0	0	0	0	0	0	0	0	0	0	1	1	0	0	0	0	0	0	0	0	0	0	1	0	0	0	0	0	0	0	0	1	1	0	0	0	0	0	0	0	0	0	0	0	0
25	796934.000000	2	1	2	2	2	0	0	1	2	1	2	2	0	0	1	1	0	0	1	0	0	0	0	0	0	1	0	0	1	0	2	2	1	2	0	0	2	2	1	1	1	1	1	0	2	2	1	1	1	1	0	0	2	0	1	2	1	1	1	2	1
25	801540.000000	2	1	2	2	2	0	1	1	2	1	2	2	0	0	2	1	1	2	1	1	1	2	0	2	2	2	2	2	2	1	2	2	2	2	0	1	2	2	1	2	1	2	2	2	2	2	0	2	1	1	0	0	2	2	1	2	1	1	0	2	2
25	807417.000000	2	1	2	2	0	2	2	2	0	2	2	2	2	2	2	1	1	2	1	1	0	2	0	2	0	2	1	2	2	1	2	2	2	2	0	1	2	2	2	2	1	2	0	1	2	2	0	2	1	0	0	0	2	2	1	2	1	0	1	2	2
25	844300.000000	0	0	0	1	0	1	0	1	0	0	0	0	2	1	0	1	0	0	0	0	0	0	0	0	0	1	1	0	0	1	0	0	0	0	0	0	0	0	0	0	0	0	0	0	0	0	0	1	0	0	0	0	0	0	0	0	0	0	0	0	0
25	932457.000000	1	0	1	0	0	1	1	0	1	1	1	1	0	2	2	1	0	0	0	0	0	0	0	0	0	1	1	0	0	0	0	0	0	0	0	0	1	1	1	0	0	0	0	0	0	0	0	0	1	0	0	0	0	0	0	0	0	0	0	0	0
25	1001048.000000	0	1	0	0	0	0	0	0	1	0	2	1	0	0	0	1	0	1	1	0	0	2	0	1	1	1	0	1	1	1	1	1	0	1	0	2	1	1	1	0	0	1	0	1	0	0	1	1	1	0	1	0	0	2	1	0	0	0	0	0	0
25	1080130.000000	2	2	2	1	1	2	2	1	1	2	0	1	2	2	1	1	1	0	2	1	2	2	2	0	1	2	2	1	2	2	2	2	2	1	1	2	2	2	2	1	2	2	1	1	1	1	2	2	1	0	2	2	1	2	2	1	1	2	0	1	0
25	1085682.000000	1	2	2	1	1	2	1	2	1	2	0	1	2	2	2	1	1	0	2	1	1	2	2	2	2	2	2	2	2	2	2	2	2	1	2	2	2	2	2	1	2	2	1	0	1	1	2	2	2	0	2	2	0	2	2	1	1	2	2	1	0
25	1092547.000000	0	1	1	1	0	0	0	1	1	0	2	2	0	1	0	1	0	1	1	1	1	2	1	2	1	1	0	0	1	2	1	1	2	1	1	2	1	1	1	1	1	1	1	0	0	0	1	2	1	1	1	0	1	2	2	0	1	0	2	0	1
25	1093869.000000	1	2	2	2	1	1	0	0	2	0	1	2	0	2	0	1	1	1	2	1	1	1	2	2	1	1	2	2	1	1	1	1	1	1	0	1	1	1	0	2	2	1	2	1	0	0	1	2	1	0	2	2	1	2	0	1	0	0	2	1	1
25	1101743.000000	2	2	2	2	1	2	1	2	2	2	2	2	2	2	2	1	1	2	2	2	2	2	2	2	2	1	2	2	2	2	2	2	2	2	2	2	2	2	2	2	2	2	2	1	2	2	2	2	1	1	2	2	2	2	2	2	2	0	2	2	2
25	1103544.000000	1	1	2	0	1	0	0	1	1	0	2	2	0	1	0	1	1	2	1	2	2	1	1	1	2	2	1	1	2	0	0	0	0	0	1	1	1	1	0	0	1	0	1	0	1	2	2	2	0	0	0	2	1	0	2	2	2	0	2	2	0
25	1105508.000000	1	1	0	1	1	2	2	2	1	2	0	0	2	1	1	1	1	0	1	0	0	1	1	1	1	0	1	1	0	1	2	2	2	2	1	1	1	1	2	2	1	2	1	2	1	0	0	1	1	1	1	0	1	2	0	0	0	2	1	0	1
25	1111293.000000	2	1	1	2	1	2	2	2	1	2	0	1	2	1	1	1	1	2	1	0	0	1	1	1	2	0	2	1	0	2	2	2	2	2	1	1	2	2	2	2	2	2	2	2	1	0	0	0	1	1	2	0	1	2	0	0	0	2	0	0	1
25	1114537.000000	1	1	1	1	1	0	0	0	1	0	2	1	0	1	1	1	1	2	1	2	2	1	1	0	2	0	1	1	2	0	0	0	0	0	1	1	0	0	0	0	0	0	1	1	1	2	1	2	1	1	0	2	1	0	2	2	0	0	2	2	1
25	1114691.000000	1	1	1	1	1	0	0	0	1	0	2	1	0	1	1	1	1	2	1	2	2	1	1	1	2	2	1	0	2	1	0	0	0	0	1	1	0	0	0	0	0	0	1	1	1	2	2	2	1	1	0	2	1	0	2	2	2	0	2	2	1
25	1115237.000000	2	1	2	1	1	1	2	2	2	2	2	2	2	2	1	1	1	2	1	1	2	1	1	1	2	2	2	1	2	1	0	0	0	0	1	1	1	1	0	0	1	0	1	1	1	2	2	2	1	1	0	2	1	0	2	2	2	0	2	2	1
25	1118750.000000	1	1	1	1	1	0	0	0	1	0	2	1	0	1	1	1	0	2	1	2	2	1	1	1	2	1	1	0	2	1	0	0	0	0	1	1	0	0	0	0	0	0	1	0	1	2	2	2	1	1	0	2	1	0	1	2	2	0	2	2	1
25	1128969.000000	1	1	1	0	1	0	0	0	1	0	2	1	0	1	1	1	2	2	1	2	2	1	1	1	2	2	1	2	2	0	0	0	0	0	1	1	0	0	0	0	0	0	1	2	1	2	2	2	1	2	0	2	1	0	2	2	2	0	2	2	1
25	1133796.000000	1	1	1	0	1	2	2	0	1	2	0	1	2	1	1	1	1	0	1	0	0	1	1	0	0	0	1	0	0	1	2	0	2	2	0	1	2	2	2	2	1	2	1	1	1	0	0	0	0	1	2	0	1	2	0	0	0	2	0	0	1
25	1142720.000000	1	1	1	1	1	2	2	2	1	2	0	1	2	1	2	1	1	0	1	0	0	1	1	1	0	2	2	1	2	1	2	2	2	2	1	1	2	2	2	2	2	2	1	1	1	0	0	0	1	0	2	0	1	2	0	2	0	2	0	2	1
25	1147111.000000	1	1	1	1	1	0	0	0	1	0	2	1	0	1	1	1	1	2	1	2	2	1	1	1	2	2	0	1	2	1	0	0	1	0	1	1	0	0	0	0	1	0	1	1	1	2	2	1	1	1	0	2	1	0	2	2	2	0	2	2	0
25	1147390.000000	1	0	0	0	0	0	0	1	0	1	0	0	1	0	1	1	0	0	0	0	0	0	0	0	1	0	1	0	0	1	0	0	0	0	0	0	0	0	0	0	0	0	0	0	0	0	0	0	1	0	0	1	0	0	0	0	0	0	0	0	0
25	1148660.000000	1	1	1	1	1	2	2	2	1	2	0	1	2	1	1	1	1	0	1	0	0	1	1	1	0	0	1	2	0	1	2	2	2	2	1	1	2	2	2	2	1	2	1	0	1	0	0	0	2	1	2	0	1	2	0	0	0	2	0	0	2
25	1148679.000000	1	1	1	1	1	2	2	2	1	2	0	1	2	1	1	1	1	0	1	0	0	1	1	1	0	0	1	0	0	1	2	2	2	1	1	1	2	2	2	2	1	2	1	1	1	0	0	0	1	1	2	0	1	2	0	0	0	2	0	0	1
25	1156927.000000	1	1	1	1	1	0	0	0	1	0	2	0	0	1	1	1	1	2	1	2	2	1	1	0	2	2	0	0	0	1	0	0	0	0	1	1	0	0	0	0	0	0	1	1	1	2	2	2	0	1	0	2	1	0	2	2	2	0	2	2	0
25	1159371.000000	1	1	1	0	1	0	0	0	1	0	2	1	0	1	1	1	1	2	1	1	2	1	1	1	2	2	1	0	2	1	0	0	0	0	1	1	0	0	1	0	1	0	1	1	1	2	2	1	1	1	0	2	1	0	2	2	2	0	2	1	1
25	1163385.000000	1	1	1	0	0	0	1	1	0	1	0	1	1	0	0	1	0	0	1	0	0	0	1	2	0	0	1	1	0	2	2	2	2	2	1	1	2	2	2	2	1	2	1	0	2	0	0	0	2	0	1	0	1	2	0	0	0	0	0	0	1
25	1164048.000000	1	1	1	0	1	0	0	1	0	0	0	1	0	1	1	1	1	0	1	0	0	1	1	1	1	0	0	1	0	1	2	2	2	2	1	1	2	2	2	2	2	2	1	1	1	0	0	0	1	1	2	0	1	2	0	0	0	2	0	1	1
25	1165063.000000	1	1	1	1	1	0	0	0	1	0	2	1	0	1	1	1	1	2	1	2	2	1	1	1	2	2	1	1	2	1	0	0	0	0	1	1	0	0	0	0	1	0	1	1	1	2	2	2	1	1	0	2	1	0	2	2	2	0	2	2	1
25	1177228.000000	0	2	1	1	1	0	0	0	1	0	2	1	0	1	0	1	1	2	2	2	2	1	1	1	0	2	1	1	2	1	0	0	0	0	1	1	0	0	0	0	1	0	1	1	1	2	2	2	1	1	0	2	0	0	2	2	2	1	2	2	0
25	1180061.000000	1	2	1	1	1	0	0	0	1	0	2	1	0	0	0	1	1	2	2	2	2	1	1	0	0	0	1	1	2	1	0	0	0	0	1	1	0	0	0	0	0	0	1	1	0	2	2	2	0	1	0	2	1	0	2	2	0	1	2	2	1
25	1184038.000000	1	2	1	1	1	0	0	0	1	0	2	1	0	1	1	1	0	2	2	2	2	1	1	0	2	1	1	1	2	1	0	0	0	0	1	1	0	0	0	0	0	0	1	1	1	2	2	2	1	1	0	2	1	0	2	1	2	1	2	2	1
25	1184962.000000	1	2	2	1	1	0	0	0	1	0	2	1	0	1	1	1	1	2	2	2	2	1	1	1	1	2	1	1	2	1	0	0	0	0	1	1	0	0	0	0	0	0	1	1	1	2	2	2	1	1	0	2	1	0	2	2	2	1	2	2	1
25	1185011.000000	1	2	1	1	1	0	0	0	1	0	2	1	0	1	1	1	1	2	2	2	2	1	1	1	0	2	0	1	0	1	0	0	0	0	0	1	0	0	0	0	0	0	1	0	0	2	2	2	0	1	0	2	1	0	2	2	2	1	2	2	1
25	1185329.000000	1	2	1	1	1	0	0	0	1	0	2	1	0	1	0	1	1	2	2	2	2	1	1	1	2	2	1	1	2	1	0	0	0	0	1	1	0	0	0	0	0	0	1	0	1	2	2	2	1	1	0	2	1	0	2	2	2	1	2	2	1
25	1185816.000000	1	2	2	1	1	0	0	0	1	0	2	1	0	1	2	1	1	2	2	2	2	1	1	2	2	2	0	1	2	2	0	0	0	0	1	1	0	0	0	0	1	0	1	1	2	2	2	2	2	1	0	2	1	0	2	2	2	1	2	2	1
25	1186731.000000	0	2	1	1	1	0	0	0	1	0	2	1	0	1	1	1	1	2	2	2	2	1	1	2	2	2	1	1	2	1	0	0	0	0	1	1	0	0	0	0	2	0	2	1	1	2	2	2	2	1	0	2	1	0	2	2	2	1	2	2	1
25	1187243.000000	1	2	1	1	1	0	0	0	1	0	2	1	0	1	1	1	1	2	2	2	2	1	1	1	2	2	1	1	2	1	0	0	0	0	0	1	0	0	0	0	1	0	1	1	1	2	2	2	1	1	0	2	1	0	2	2	2	1	2	2	1
25	1188116.000000	1	1	1	0	0	2	2	2	1	2	0	1	2	1	1	1	0	0	1	0	0	0	0	0	0	0	1	0	0	0	0	0	0	0	0	0	1	1	0	0	0	0	1	0	0	0	0	0	0	0	0	0	0	0	0	0	0	0	1	0	0
25	1193058.000000	0	0	0	1	0	2	1	1	1	1	0	1	1	1	0	1	0	0	0	0	0	0	0	0	1	0	1	0	0	0	0	0	0	0	0	0	1	1	0	0	0	0	0	1	0	0	1	0	1	0	0	0	0	0	0	0	0	0	0	0	1
25	1285133.000000	0	0	0	1	0	0	0	0	0	0	1	0	0	0	0	1	0	1	0	0	0	0	0	1	0	0	0	0	0	0	0	1	0	1	0	0	1	1	0	0	0	0	0	0	0	1	0	0	0	0	0	0	0	0	0	0	0	0	0	0	0
25	1323304.000000	1	1	1	1	1	1	0	0	1	0	1	1	0	0	0	1	0	1	2	1	1	0	1	1	0	2	1	1	1	0	0	0	0	0	0	0	0	0	0	0	0	0	1	1	1	0	1	1	1	0	0	2	0	0	0	1	0	1	2	2	1
25	1365829.000000	1	1	1	0	1	1	2	2	1	2	1	1	2	2	2	1	1	1	0	1	1	1	1	0	0	0	1	1	1	1	1	1	0	1	1	2	2	2	2	1	1	1	0	2	1	2	0	0	2	2	2	0	1	2	2	1	2	1	0	0	1
25	1365841.000000	1	1	1	0	1	1	2	2	1	2	1	1	2	2	2	1	1	1	0	1	1	1	1	0	2	0	1	1	1	0	1	1	0	1	1	2	2	2	2	1	1	1	1	2	1	2	0	0	2	2	2	0	1	2	2	1	2	1	0	0	1
25	1371640.000000	2	1	2	0	2	1	2	2	2	2	2	2	2	2	2	1	1	1	0	1	1	1	1	0	2	0	1	2	1	1	1	1	1	1	1	2	2	2	2	1	1	1	1	2	1	2	1	2	2	2	2	0	1	2	2	1	2	1	0	0	0
25	1375070.000000	1	1	1	2	1	0	0	0	1	0	1	1	0	0	0	1	1	1	1	1	0	2	1	2	0	2	0	1	1	1	0	0	1	1	1	0	0	0	0	1	1	1	1	0	0	0	1	1	0	0	0	2	0	0	0	1	0	1	2	0	1
25	1375942.000000	1	1	1	0	1	1	2	2	1	2	1	1	2	2	1	1	1	1	1	1	1	1	1	1	2	0	1	1	1	1	2	0	1	1	1	2	2	2	2	1	1	1	1	2	2	2	0	1	2	2	2	0	1	2	2	1	2	1	0	0	1
25	1380550.000000	1	1	1	2	1	1	0	0	1	0	1	1	0	0	0	1	1	1	1	1	1	1	1	0	0	2	1	1	0	1	0	1	1	1	1	0	0	0	0	1	1	1	1	0	0	0	1	1	0	0	0	2	1	0	0	1	0	0	2	2	1
25	1382368.000000	1	1	1	1	1	1	0	0	1	0	1	1	0	0	0	1	1	0	0	0	1	1	0	2	1	1	0	0	0	1	0	1	0	1	0	0	0	0	0	1	1	1	1	0	0	0	0	0	1	0	0	0	0	0	0	0	0	0	1	2	1
25	1383386.000000	1	1	1	0	1	1	2	2	1	2	1	1	2	2	2	1	1	1	1	0	1	0	1	0	2	0	1	2	0	0	1	0	1	1	1	2	2	2	1	1	1	0	1	1	2	2	0	1	2	2	2	0	1	0	1	1	2	1	1	0	1
25	1395611.000000	0	0	0	0	1	0	0	0	0	0	1	0	0	0	0	1	0	1	1	0	1	0	1	0	0	0	0	0	0	0	1	0	1	1	1	2	1	0	0	1	1	0	0	0	2	2	0	0	0	1	1	0	1	0	0	1	1	0	1	0	0
25	1396037.000000	1	0	1	0	1	1	2	2	1	2	1	1	2	2	2	1	1	1	1	0	1	0	1	0	1	0	1	0	1	0	2	1	1	1	0	2	2	2	2	0	1	1	0	1	2	2	0	1	1	2	1	0	1	0	0	1	1	1	1	0	1
25	1400245.000000	0	1	0	0	1	0	0	0	0	0	1	0	0	0	0	1	0	0	1	0	1	0	1	0	0	0	1	0	1	0	1	0	1	1	1	2	1	1	0	1	1	0	0	0	2	2	0	0	1	1	1	0	1	0	0	1	1	0	1	0	0
25	1402843.000000	1	0	1	0	1	1	2	2	1	2	1	1	2	2	2	1	2	1	2	1	1	0	2	0	2	1	2	1	1	0	1	1	1	1	1	2	2	2	2	1	1	1	1	1	2	2	1	1	2	2	2	2	1	0	1	2	2	1	1	1	2
25	1404930.000000	0	0	1	0	1	0	0	0	0	0	1	0	0	0	0	1	0	1	1	0	1	0	1	0	1	0	0	1	1	0	1	0	1	1	1	2	1	1	0	1	1	0	1	0	1	2	0	0	1	1	1	0	1	0	0	1	0	0	1	0	0
25	1408923.000000	1	0	1	0	1	1	2	0	1	2	1	1	2	2	2	1	1	1	1	0	1	0	1	0	1	0	0	0	0	0	2	0	1	1	1	2	2	2	2	1	1	0	1	1	2	2	0	1	0	2	1	0	1	0	0	1	1	1	1	0	0
25	1410773.000000	0	0	0	0	1	0	0	0	0	0	1	0	0	0	0	1	1	1	1	0	1	0	1	0	0	0	0	0	0	0	1	1	0	1	1	2	1	1	2	1	1	1	1	0	2	2	0	1	0	2	1	0	1	0	0	1	1	1	1	0	1
25	1411884.000000	0	0	1	0	1	1	2	2	1	2	1	1	2	2	2	1	1	1	1	0	1	0	1	0	1	0	1	0	0	0	2	1	1	1	1	2	2	2	2	1	1	1	2	1	2	2	0	2	2	2	1	0	1	0	0	1	1	2	1	0	1
25	1418873.000000	1	2	1	2	1	1	0	0	1	0	1	1	0	0	0	1	0	1	1	2	1	2	1	2	1	2	1	1	2	2	0	1	1	1	1	0	0	0	0	1	1	1	1	1	0	0	2	1	1	0	1	2	1	2	2	1	1	1	1	2	1
25	1421106.000000	2	2	2	2	1	2	2	2	2	2	1	2	2	2	2	1	2	1	1	2	1	2	1	2	2	2	2	2	2	2	1	2	1	1	1	0	1	1	2	1	1	2	1	2	0	0	2	2	1	1	1	2	1	2	2	1	1	2	1	2	2
25	1425389.000000	0	0	0	0	1	0	0	0	0	0	1	0	0	0	0	1	0	0	1	0	1	0	1	0	0	0	0	0	0	0	1	0	1	1	2	2	1	0	0	1	1	0	1	0	2	2	0	0	1	1	1	0	0	0	0	1	1	0	1	0	0
25	1426429.000000	1	0	1	0	1	1	2	2	1	2	1	1	2	2	2	1	1	1	1	0	1	0	1	1	2	0	1	0	0	0	2	0	1	1	1	2	2	2	2	1	1	1	1	1	2	2	0	1	2	2	2	0	1	0	1	1	2	1	1	0	1
25	1430738.000000	1	0	1	0	1	1	2	2	1	2	1	1	2	2	2	1	1	1	1	2	1	0	1	0	2	0	2	0	0	0	1	1	1	1	1	2	2	2	2	2	1	1	1	2	2	2	0	1	2	2	2	0	1	0	1	1	2	1	2	0	1
25	1431881.000000	0	0	0	0	1	0	0	0	0	0	1	0	0	0	1	1	1	1	1	0	1	0	1	0	1	0	0	0	0	0	1	1	1	1	1	2	1	1	2	1	1	1	1	2	2	0	0	1	0	2	1	0	1	0	0	1	1	1	1	0	1
25	1442756.000000	0	1	0	1	0	0	0	0	0	0	0	0	0	0	1	1	2	0	1	2	0	1	1	2	2	1	1	2	2	1	1	2	0	1	0	0	0	0	2	0	0	1	1	1	0	0	2	1	0	0	1	2	0	2	2	1	1	1	0	1	2
25	1448238.000000	1	1	0	1	0	0	2	1	1	1	0	0	0	0	0	1	2	1	1	2	0	1	1	2	2	1	1	2	1	1	1	2	0	1	0	0	0	0	2	0	0	1	1	1	0	0	2	0	1	1	1	2	0	2	2	1	1	1	0	1	2
25	1448949.000000	1	1	0	1	0	0	2	1	1	1	0	0	0	0	1	1	2	1	1	2	0	1	1	2	2	1	1	2	2	1	1	2	0	1	0	0	0	0	2	0	0	1	1	2	0	0	2	1	1	1	1	2	0	2	2	1	1	1	0	1	2
25	1448958.000000	1	1	2	1	2	2	0	1	1	1	2	2	2	2	1	1	0	1	1	0	2	1	1	0	0	1	1	1	0	1	1	0	2	1	2	2	2	2	0	2	2	1	1	0	2	2	0	1	0	1	1	0	2	0	0	1	1	1	2	1	0
25	1449063.000000	1	1	0	1	0	0	2	1	1	1	0	0	0	0	1	1	2	1	1	2	0	1	1	1	2	1	1	2	2	1	1	2	0	1	0	0	0	0	2	0	0	1	1	2	1	0	2	1	1	1	1	2	0	2	2	1	1	1	0	1	2
25	1449411.000000	1	1	0	1	0	0	2	1	1	1	0	0	0	0	1	1	2	1	1	2	0	1	1	2	0	0	1	2	2	1	1	2	0	1	0	0	0	0	2	0	0	1	1	2	0	0	2	1	0	1	1	2	0	2	2	1	1	1	0	1	2
25	1449639.000000	2	1	1	1	2	1	2	1	2	1	2	1	0	0	0	1	1	1	1	0	2	1	1	0	0	1	0	0	0	1	1	0	2	1	2	0	1	0	1	0	2	0	1	1	2	2	0	2	1	2	1	0	2	0	0	1	1	2	2	1	1
25	1449904.000000	2	1	2	1	2	2	2	1	2	1	2	2	0	0	1	1	1	1	1	0	2	1	1	1	1	0	1	0	0	1	1	0	2	0	2	2	2	2	1	2	2	1	1	1	2	2	0	2	1	2	1	0	2	0	0	1	1	2	2	1	1
25	1449975.000000	1	1	1	1	2	1	0	0	1	0	2	1	0	0	0	1	0	1	1	0	2	1	1	0	2	1	0	0	0	1	1	0	2	1	2	2	1	1	2	2	2	1	1	0	2	2	0	0	1	1	1	0	2	0	0	1	1	2	2	1	0
25	1450203.000000	1	1	1	1	2	1	0	0	0	0	2	1	0	0	0	1	0	1	1	0	2	1	1	0	0	1	0	0	0	0	1	0	2	1	2	2	1	1	0	2	2	1	0	0	2	2	0	1	0	1	1	0	2	0	0	1	1	1	2	1	0
25	1450364.000000	1	1	2	1	2	2	0	1	1	1	2	2	2	2	2	1	1	1	1	0	2	1	1	0	1	1	1	0	0	1	1	0	2	1	2	2	2	2	1	2	2	1	1	1	2	2	0	2	1	2	1	0	2	0	0	1	1	2	2	0	1
25	1450384.000000	1	1	1	1	1	1	0	0	1	0	2	1	0	0	0	1	0	1	1	0	2	1	1	0	1	1	0	0	0	1	1	0	2	1	2	2	1	1	0	2	2	1	1	0	2	2	0	1	1	1	1	0	2	0	0	1	1	1	2	0	0
25	1450644.000000	1	1	1	1	2	2	0	1	1	1	2	1	1	2	0	1	0	1	1	0	2	1	1	0	1	1	1	1	0	1	1	0	2	1	2	2	1	1	0	2	2	1	1	0	2	2	0	1	1	1	1	0	2	0	0	1	1	1	2	1	0
25	1451028.000000	1	1	2	1	2	1	0	0	1	0	2	2	1	0	2	1	0	1	1	0	2	1	1	0	1	1	0	0	0	1	1	0	2	1	0	2	2	2	1	2	2	1	0	0	2	2	0	2	0	2	1	0	2	0	0	1	2	2	2	1	1
25	1451400.000000	1	1	2	1	2	2	0	1	1	1	2	2	2	2	1	1	1	1	1	0	1	1	1	0	0	1	1	0	0	1	1	0	2	1	2	1	2	1	1	2	2	1	0	1	2	2	0	2	1	2	1	0	2	0	0	1	1	2	2	1	1
25	1452476.000000	1	1	2	1	2	2	0	1	1	1	2	2	2	2	2	1	2	1	1	0	2	1	1	0	1	1	1	0	0	2	1	0	1	1	2	2	2	2	2	2	2	1	1	2	2	2	0	2	1	2	1	0	2	0	0	1	1	2	2	1	1
25	1452559.000000	1	1	2	1	2	2	0	1	1	1	2	2	1	2	2	1	0	1	1	0	2	1	1	0	1	1	1	0	0	1	1	0	1	1	2	2	2	2	1	2	2	1	1	1	2	2	0	2	1	2	1	0	2	0	0	1	1	1	2	1	1
25	1452612.000000	1	1	1	1	2	2	0	1	1	1	2	1	0	2	1	1	0	1	1	0	2	1	1	0	1	0	0	0	0	1	1	1	2	1	2	2	1	1	0	2	2	1	1	1	2	2	0	1	1	1	1	0	2	0	0	1	1	1	2	1	0
25	1453142.000000	1	1	1	0	0	2	0	1	0	1	2	1	0	2	0	1	0	0	1	0	2	1	1	0	0	1	1	0	0	1	1	0	2	1	2	2	1	1	0	2	2	1	1	0	2	2	0	1	1	1	1	0	2	0	0	1	1	1	0	1	0
25	1453152.000000	1	1	1	1	1	2	0	1	0	1	2	1	1	2	0	1	0	0	1	0	2	1	1	1	1	1	1	1	0	1	1	0	2	1	2	2	1	1	0	2	2	1	1	0	2	2	0	1	1	1	1	0	2	0	0	1	1	1	2	1	0
25	1453238.000000	1	1	2	1	2	2	0	1	1	1	2	2	2	2	2	1	1	1	1	0	2	1	1	2	1	1	1	2	0	1	1	0	2	1	2	2	2	2	1	1	2	1	1	2	2	2	0	2	1	2	1	0	2	0	0	1	1	2	2	1	1
25	1453382.000000	1	1	2	1	2	2	0	1	1	1	2	2	2	2	2	1	1	0	1	0	2	1	1	0	0	1	1	0	0	1	1	0	2	1	2	2	2	2	1	2	2	1	1	1	2	2	0	2	0	2	1	0	2	0	0	1	0	2	2	1	1
25	1453770.000000	1	1	1	1	2	2	0	1	1	1	2	1	1	2	0	1	0	1	1	0	2	1	1	2	2	2	1	0	0	1	1	0	2	1	2	2	1	1	0	2	2	1	1	2	2	2	0	1	2	1	1	0	2	0	0	1	1	1	2	0	0
25	1453956.000000	1	1	1	2	2	1	0	0	1	0	2	1	0	0	0	1	0	1	1	0	2	1	1	0	0	1	0	0	0	1	1	0	2	1	2	2	1	1	0	2	2	1	1	0	2	2	0	1	1	1	1	0	2	0	0	1	1	1	2	0	0
25	1491266.000000	1	1	1	0	0	1	2	2	1	2	0	1	2	2	1	1	1	0	1	0	1	0	1	0	0	0	2	2	0	0	0	0	0	1	0	1	1	1	1	1	0	1	0	0	0	0	0	0	0	0	1	0	0	2	0	0	0	0	0	0	1
25	1492928.000000	0	1	0	1	0	1	0	1	0	1	0	0	1	2	0	1	0	0	1	0	1	1	0	0	0	0	1	1	1	1	0	0	0	0	1	0	0	0	0	0	0	0	0	1	1	0	1	0	1	0	0	0	0	0	1	1	0	0	0	0	0
25	1499611.000000	1	1	1	0	0	1	2	2	2	2	2	2	2	2	2	1	2	1	2	1	2	1	1	0	0	0	0	2	0	1	0	0	0	0	0	0	2	2	0	0	0	0	0	0	0	1	1	2	0	1	1	0	0	2	1	0	0	0	0	0	0
25	1503376.000000	1	1	1	1	0	1	2	2	2	2	1	2	2	2	1	1	0	0	1	0	1	1	0	0	0	1	1	0	1	2	0	0	0	0	0	0	1	1	0	0	0	0	0	1	1	1	1	0	1	0	0	0	0	0	1	0	0	0	0	1	0
25	1506649.000000	1	1	0	1	0	1	2	2	2	2	0	2	2	2	0	1	0	0	1	0	1	1	0	0	0	0	1	0	0	1	0	0	0	0	0	0	1	1	0	0	0	0	0	0	1	0	1	0	0	0	0	0	0	0	0	0	0	0	0	0	0
25	1512327.000000	1	0	0	0	0	1	0	1	1	0	1	1	0	2	0	1	0	0	0	0	0	0	0	0	0	0	1	0	0	0	1	0	0	0	0	0	0	0	1	0	0	1	0	0	0	0	0	0	0	0	0	0	0	0	0	0	0	0	0	0	0
25	1512535.000000	1	1	0	1	0	1	1	1	1	0	1	1	1	2	1	1	0	0	1	0	1	1	0	0	0	0	1	0	1	1	1	1	0	0	0	0	0	0	1	0	0	1	0	0	1	0	1	0	0	0	0	0	0	0	1	0	0	0	0	0	0
25	1515683.000000	1	0	0	0	0	0	1	0	1	0	1	1	0	2	1	1	0	0	0	0	0	0	0	0	0	1	1	0	0	0	1	1	0	0	0	0	0	0	0	0	1	1	1	0	0	0	0	0	0	0	0	0	0	0	0	0	0	0	0	1	0
25	1515987.000000	1	1	0	1	0	0	1	1	1	0	1	1	1	2	1	1	0	0	1	0	1	1	0	0	0	0	1	0	0	1	1	1	0	0	0	0	0	0	0	0	0	1	0	1	1	0	1	0	0	0	0	0	0	0	1	0	0	0	0	0	0
25	1516158.000000	1	0	0	0	0	1	1	1	1	0	1	1	0	2	1	1	0	0	0	0	0	0	0	0	0	0	1	0	0	0	1	1	0	0	0	0	0	0	1	0	0	1	0	0	0	0	0	0	0	0	0	0	0	0	0	0	0	0	0	0	0
25	1516390.000000	1	1	0	1	0	1	1	1	1	0	1	1	0	2	0	1	0	0	1	0	1	1	0	0	0	0	1	0	0	1	1	1	0	0	0	0	0	0	1	0	0	1	0	1	1	0	1	0	1	0	0	1	0	0	1	0	0	0	0	0	0
25	1518874.000000	1	1	1	1	0	1	2	2	2	2	1	2	2	2	0	1	0	0	1	0	2	1	0	0	0	0	0	0	1	0	1	1	0	0	0	0	1	1	1	0	0	1	0	0	1	0	1	0	0	0	0	0	0	0	1	0	0	0	0	0	0
25	1519395.000000	0	1	0	2	0	0	0	0	1	0	0	1	0	0	0	1	0	0	0	0	1	1	0	0	0	0	0	0	1	0	1	1	0	0	0	0	0	0	1	0	0	1	0	0	1	0	1	0	0	0	0	0	0	0	1	0	0	0	0	0	0
25	1519422.000000	0	1	0	1	0	0	0	0	1	0	0	1	0	0	0	1	0	0	1	0	1	1	0	0	0	0	0	0	1	0	1	1	0	0	0	0	0	0	1	0	0	1	0	0	1	0	1	0	0	0	0	0	0	0	1	0	0	0	0	0	0
25	1519540.000000	1	1	1	0	0	0	0	2	2	2	1	2	2	0	1	1	0	0	1	0	1	1	0	0	0	0	0	0	1	1	1	1	0	0	0	0	1	0	0	0	0	1	0	1	1	0	1	0	0	0	0	0	0	0	1	0	0	0	0	0	0
25	1524494.000000	1	0	1	0	0	2	2	2	2	2	1	2	2	0	1	1	0	0	0	0	0	0	0	0	0	0	1	0	0	0	1	1	0	0	0	0	1	0	1	0	0	1	0	0	0	0	0	0	0	0	0	0	0	0	0	0	0	0	0	0	0
25	1537866.000000	2	1	2	1	2	2	2	2	1	2	0	1	2	2	2	1	2	0	2	1	1	2	2	1	1	1	2	2	2	2	1	1	2	1	2	2	2	1	0	2	2	1	2	1	2	1	2	1	1	2	2	2	2	2	2	2	2	2	2	1	2
25	1538486.000000	0	0	1	0	2	0	0	0	0	0	0	0	0	0	1	1	2	0	1	1	0	1	2	0	0	2	1	2	1	1	1	1	2	1	2	2	1	1	0	2	2	1	2	1	0	0	1	1	0	1	2	0	1	2	1	1	1	2	2	2	2
25	1554964.000000	1	0	1	0	0	0	1	1	1	2	0	1	1	0	0	1	0	0	0	0	0	0	0	0	1	0	0	1	0	0	0	0	0	0	0	0	1	1	0	0	0	0	0	0	0	0	0	0	1	0	0	0	0	0	0	0	0	0	0	1	0
25	1594988.000000	1	0	1	0	2	0	0	0	0	0	0	0	0	0	1	1	0	0	0	0	0	1	0	0	1	0	0	0	0	1	1	0	1	0	2	2	0	0	0	2	2	1	1	0	0	0	1	0	1	0	1	2	1	0	0	0	0	0	1	0	1
25	1618595.000000	1	0	1	0	2	1	0	0	1	0	2	1	0	0	1	1	0	1	0	0	0	1	0	0	0	0	0	0	0	1	1	0	1	0	2	2	0	0	0	2	2	1	0	0	0	0	0	0	0	0	1	2	1	0	0	0	0	0	1	0	1
25	1645379.000000	1	0	0	0	2	0	0	0	1	0	2	1	0	0	1	1	0	0	0	1	0	1	0	0	0	1	0	0	0	0	1	0	0	0	2	2	0	0	0	2	2	1	0	0	0	0	1	0	0	0	1	2	1	0	0	0	0	0	0	0	1
25	1649436.000000	1	1	1	1	0	1	2	2	1	2	0	1	2	2	1	1	2	0	2	1	2	1	2	1	2	1	2	1	2	1	1	2	1	2	0	0	2	2	1	0	0	1	1	2	2	2	1	0	1	2	1	0	1	2	2	2	1	2	0	2	1
25	1661071.000000	1	1	1	2	0	0	2	2	1	2	0	1	2	2	1	1	2	0	2	1	2	1	2	0	2	1	2	1	2	1	1	2	1	2	0	0	2	2	1	0	0	1	1	1	2	2	1	1	1	2	1	0	0	2	2	2	2	2	0	2	1
25	1669474.000000	1	1	1	2	0	1	2	2	1	1	0	1	2	1	1	1	2	0	2	0	2	1	2	1	1	1	2	2	1	1	1	2	0	2	0	0	2	2	1	0	0	0	1	2	1	2	1	1	1	2	1	0	1	2	2	2	2	2	1	2	1
25	1671265.000000	1	1	1	2	0	1	2	2	2	2	0	1	2	2	1	1	2	0	2	1	2	1	2	2	2	1	2	2	2	1	1	2	0	2	0	0	2	2	1	0	0	1	1	2	2	2	1	2	2	2	1	0	1	2	2	2	2	2	0	2	1
25	1672101.000000	1	1	1	2	0	1	2	2	1	2	0	1	2	2	1	1	2	0	2	1	2	1	2	1	1	2	2	2	2	1	1	2	0	2	0	0	2	2	1	0	0	1	1	1	2	2	1	1	1	2	1	0	1	2	2	2	2	2	0	2	1
25	1700372.000000	0	0	1	0	0	0	0	1	0	0	0	1	0	0	1	1	0	0	0	0	0	0	0	0	1	0	1	0	0	0	0	0	0	0	0	0	0	0	0	0	0	0	0	1	0	0	0	0	1	0	0	0	0	0	0	0	0	0	0	1	0
25	1705315.000000	0	0	1	0	0	0	1	1	0	0	0	1	1	1	1	1	0	0	0	0	0	0	0	0	0	1	1	0	0	0	0	0	0	0	0	0	0	0	1	0	0	0	0	0	0	1	0	0	1	0	0	0	0	0	0	0	0	0	0	0	0
25	1724767.000000	0	0	0	1	0	0	0	1	0	0	0	0	0	0	0	1	2	0	1	1	0	1	1	0	0	0	1	2	1	1	0	0	0	0	0	0	0	0	0	0	0	0	0	0	0	0	1	0	2	1	1	0	0	2	1	0	0	0	0	0	0
25	1726256.000000	1	1	1	2	1	2	2	2	1	2	0	1	2	2	2	1	2	0	2	1	1	1	2	2	1	2	2	2	2	1	1	2	0	2	0	0	2	2	1	0	0	1	1	2	2	1	1	1	0	2	1	0	1	2	2	2	2	2	0	2	1
25	1732852.000000	1	1	1	1	0	2	2	1	1	2	0	0	2	1	1	1	0	0	1	0	2	0	1	0	2	1	0	0	1	0	0	1	0	1	0	1	1	1	0	0	0	0	0	0	1	1	0	1	0	0	0	0	0	0	1	1	1	2	0	0	1
25	1732881.000000	1	1	1	1	0	2	1	1	1	1	0	1	1	0	0	1	0	0	1	0	2	0	1	1	2	1	0	0	1	0	0	1	0	1	0	1	1	1	0	0	0	0	1	0	1	1	0	1	0	0	0	0	0	0	1	1	1	2	0	1	1
25	1733888.000000	1	1	1	1	2	0	0	1	1	0	2	1	0	0	0	1	2	2	1	2	0	2	1	1	0	1	1	2	1	2	2	1	2	1	2	1	0	0	2	2	2	2	1	2	1	1	2	1	2	2	2	2	2	2	1	1	1	0	2	2	1
25	1735416.000000	0	2	0	1	1	0	0	1	0	0	0	0	0	0	2	1	2	0	1	1	0	1	1	2	2	0	1	2	1	2	0	0	0	2	0	0	0	0	0	0	0	0	0	2	0	0	2	0	1	0	2	0	0	2	1	0	0	2	0	0	0
25	1736625.000000	0	0	0	0	1	0	0	0	0	0	0	0	0	0	2	1	2	0	1	1	0	0	1	2	2	0	1	2	0	0	0	0	0	0	0	1	0	0	2	0	0	0	0	0	0	0	0	0	0	1	0	0	0	2	0	0	0	0	0	0	0
25	1737579.000000	0	0	0	1	1	0	0	1	0	0	0	0	0	0	0	1	2	0	1	1	0	1	0	0	0	0	1	2	1	0	0	0	0	0	0	1	0	0	0	0	0	0	0	2	0	0	1	0	0	1	1	0	0	2	1	0	0	0	0	0	0
25	1740294.000000	0	0	0	1	1	0	0	1	0	0	0	0	0	0	0	1	2	0	1	1	0	1	1	0	0	1	1	2	1	1	0	0	0	0	0	0	0	0	0	0	0	0	0	1	0	0	0	1	1	1	1	0	0	2	1	0	0	0	0	0	0
25	1741983.000000	0	0	0	1	1	0	0	1	0	0	0	0	0	0	0	1	2	0	1	1	0	1	1	0	0	0	1	2	1	1	0	0	0	0	0	0	0	0	0	0	0	0	0	2	0	0	1	0	0	1	1	0	0	2	1	0	0	0	0	0	0
25	1743068.000000	0	0	0	0	1	0	0	1	0	0	0	0	0	0	0	1	2	0	1	1	0	1	1	0	0	0	1	2	1	0	0	0	0	0	0	0	0	0	0	0	0	0	0	2	0	0	1	0	0	1	1	0	0	2	1	0	0	0	0	0	0
25	1743306.000000	0	1	0	1	1	0	0	1	0	0	1	0	0	0	0	1	2	0	2	0	0	1	1	1	0	0	1	1	1	1	0	0	0	0	0	0	0	0	0	0	0	0	0	1	0	0	0	0	1	1	1	0	0	2	1	0	0	0	0	0	0
25	1744602.000000	0	0	0	1	1	0	0	1	0	0	0	0	0	0	0	1	2	0	1	1	0	1	1	2	2	0	1	2	1	2	0	0	0	0	0	0	0	2	0	0	0	0	0	2	0	0	1	0	2	1	1	0	0	2	1	0	0	2	0	0	0
25	1745356.000000	0	0	0	1	1	0	0	1	0	0	0	0	0	0	0	1	2	0	1	1	0	1	1	0	0	0	1	0	1	1	0	0	0	0	0	0	0	0	0	0	0	0	0	2	0	0	1	0	1	1	1	0	0	2	1	0	0	0	0	0	0
25	1745726.000000	0	0	0	0	1	0	0	1	0	0	0	0	0	0	0	1	2	0	1	1	0	1	1	0	0	0	1	2	0	1	0	0	0	0	0	0	0	0	0	0	0	0	0	2	0	0	0	0	0	0	1	0	0	2	1	0	0	0	0	0	0
25	1748043.000000	0	0	0	1	1	0	0	1	0	0	0	0	0	0	0	1	2	0	1	1	0	1	1	0	0	0	1	2	0	1	0	0	0	0	0	0	0	0	0	0	0	0	0	2	0	0	1	0	0	1	1	0	0	2	1	0	0	0	0	0	0
25	1748185.000000	1	1	1	2	1	1	1	2	1	1	2	1	1	2	1	1	2	2	1	2	0	2	1	1	0	1	1	2	1	2	1	1	2	0	2	1	1	1	2	2	2	2	1	2	1	1	2	1	2	2	2	2	2	2	1	1	1	0	2	1	1
25	1749077.000000	0	0	0	1	1	0	0	2	0	0	0	0	0	1	0	1	2	0	1	1	0	1	1	0	0	0	1	2	1	1	0	0	0	0	0	0	0	0	0	0	0	0	0	0	0	0	1	0	1	1	1	0	0	2	1	0	0	0	0	0	0
25	1749264.000000	0	0	0	1	0	0	0	1	0	0	0	0	0	0	0	1	2	0	0	1	0	1	1	0	0	0	1	0	1	0	0	0	0	0	0	0	0	0	0	0	0	0	0	0	0	0	1	0	1	1	1	0	0	2	1	0	0	0	0	0	0
25	1749836.000000	0	0	0	1	1	0	0	1	0	0	0	0	0	0	0	1	2	0	1	1	0	1	1	0	0	0	1	0	1	1	0	0	0	0	0	0	0	0	0	0	0	0	0	0	0	0	1	0	0	1	0	0	0	2	1	0	0	0	0	0	0
25	1750381.000000	0	0	0	1	0	0	0	1	0	0	0	0	0	0	0	1	2	0	0	1	0	1	1	0	0	0	1	2	0	0	0	0	0	0	0	0	0	0	0	0	0	0	0	0	0	0	1	0	0	1	1	0	0	2	1	0	0	0	0	0	0
25	1751231.000000	0	0	0	1	1	0	0	1	0	0	0	0	0	0	0	1	2	0	1	1	0	1	1	0	0	0	0	2	1	1	0	0	0	0	0	0	0	0	0	0	0	0	0	2	0	0	1	0	1	1	1	0	0	2	1	0	0	0	0	0	0
25	1751337.000000	0	0	0	1	1	0	1	1	0	0	0	0	0	0	0	1	2	0	1	1	0	1	1	0	0	1	1	1	1	1	0	0	0	0	0	0	0	0	0	0	0	0	0	1	0	0	1	0	1	1	1	0	0	2	1	0	0	0	0	0	0
25	1751654.000000	0	0	0	1	1	0	0	1	0	0	0	0	0	0	0	1	2	0	1	1	0	1	1	0	0	0	0	0	1	0	0	0	0	0	0	0	0	0	0	0	0	0	0	2	0	0	1	0	0	1	1	0	0	2	1	0	0	0	0	0	0
25	1752783.000000	1	0	1	0	1	0	0	1	0	0	0	1	0	0	0	1	2	0	1	1	0	1	1	0	0	0	1	2	1	1	0	0	0	0	0	0	0	0	0	0	0	0	0	2	0	0	1	0	0	1	1	0	0	2	1	0	0	0	0	0	0
25	1754864.000000	1	1	1	0	1	2	2	0	0	1	0	1	0	1	1	1	0	0	1	0	2	0	1	1	2	1	1	1	1	0	0	1	0	2	0	1	1	1	0	0	0	0	1	0	1	1	0	1	0	0	0	0	0	0	1	1	1	2	0	1	1
25	1755758.000000	0	0	0	1	1	0	0	1	0	0	0	0	0	0	2	1	2	0	1	1	0	0	1	0	0	0	1	2	0	2	0	0	0	0	0	0	0	0	0	0	0	0	0	0	2	0	0	2	2	1	1	0	0	2	0	0	0	0	0	0	0
25	1756908.000000	0	0	0	1	1	0	0	1	0	0	0	0	0	0	0	1	2	0	1	1	0	0	1	0	0	0	1	0	0	0	0	0	0	0	0	0	0	0	0	0	0	0	0	0	0	0	0	0	0	0	1	0	0	2	0	0	0	0	0	0	0
25	1756979.000000	0	0	0	0	1	0	0	2	1	1	0	0	1	1	1	1	0	0	1	1	0	0	1	0	0	0	2	2	0	0	0	0	0	0	0	0	1	1	0	0	0	0	0	0	0	0	0	0	0	1	1	0	0	2	0	0	0	0	0	0	0
25	1757004.000000	0	0	0	0	1	0	0	1	0	0	0	0	0	0	0	1	0	0	1	1	0	0	1	0	0	0	1	2	0	0	0	0	0	0	0	0	0	0	0	0	0	0	0	0	0	0	0	0	0	1	1	0	0	2	0	0	0	0	0	0	0
25	1757100.000000	0	0	0	2	1	0	0	1	0	0	0	0	0	0	0	1	2	0	1	1	0	0	1	0	0	0	1	0	0	0	0	0	0	0	0	0	0	0	0	0	0	0	0	0	0	0	0	0	0	1	1	0	0	2	0	0	0	0	0	0	0
25	1759024.000000	0	0	0	1	1	0	1	1	1	2	0	0	1	2	1	1	2	0	1	1	0	0	1	0	0	0	0	0	0	0	0	0	0	0	0	0	1	1	0	0	0	0	0	0	0	0	0	0	1	1	1	0	0	2	0	0	0	0	0	0	0
25	1759317.000000	0	0	0	1	1	0	1	2	1	2	0	0	1	2	1	1	2	0	0	1	0	0	1	0	0	0	2	0	0	0	0	0	0	0	0	0	1	1	0	0	0	0	0	0	0	0	0	0	0	1	1	0	0	2	0	0	0	0	0	0	0
25	1759334.000000	0	0	0	1	1	0	0	1	0	0	0	0	0	0	0	1	2	0	1	1	0	0	1	0	1	0	1	2	0	0	0	0	0	0	0	0	0	0	0	1	0	0	0	0	0	0	0	0	1	1	1	0	0	2	0	0	0	0	0	0	0
25	1765443.000000	0	1	0	0	1	1	0	0	0	0	0	0	0	0	1	1	0	0	1	0	2	0	1	2	2	1	1	0	1	0	0	1	0	2	0	1	1	1	0	0	0	0	1	1	1	0	0	1	0	0	0	0	0	0	1	1	1	2	0	1	1
25	1765465.000000	0	0	0	1	1	0	0	1	0	0	0	0	0	0	0	1	2	0	1	1	0	0	1	0	0	0	0	2	0	0	0	0	0	0	0	0	0	0	0	0	0	0	0	0	0	0	0	0	0	1	1	0	0	2	0	0	0	0	0	0	0
25	1766007.000000	0	0	0	1	1	0	0	1	0	0	0	0	0	0	0	1	2	0	1	1	0	0	1	0	0	0	1	2	0	0	0	0	0	0	0	0	0	0	0	0	0	0	0	1	0	0	0	0	1	1	1	0	0	2	0	0	0	0	0	0	0
25	1770850.000000	0	0	0	1	1	2	1	2	1	2	0	0	1	2	1	1	2	0	0	2	0	0	1	0	2	0	2	2	0	0	0	0	0	0	0	0	2	1	0	0	0	0	0	2	2	0	0	0	2	1	1	0	0	2	0	0	0	0	0	0	0
25	1770993.000000	1	1	1	0	1	2	0	1	1	1	0	1	1	1	1	1	0	0	1	0	1	0	1	2	2	1	1	0	1	0	0	1	0	2	0	1	2	2	0	0	0	0	1	0	1	1	0	1	0	0	0	1	0	0	1	1	1	2	0	1	1
25	1771366.000000	1	0	1	1	1	2	2	2	1	2	0	1	1	2	0	1	2	0	0	1	0	0	0	0	0	0	0	2	0	0	0	0	0	0	0	0	1	0	0	0	0	0	0	0	0	0	0	0	1	0	1	0	0	2	0	0	0	0	0	0	0
25	1771813.000000	0	0	1	1	1	0	1	1	0	0	0	1	0	0	0	1	2	0	1	1	0	0	1	0	0	0	0	0	0	0	0	0	0	0	0	0	0	0	0	0	0	0	0	1	0	0	0	0	0	1	1	0	0	2	0	0	0	0	0	0	0
25	1772326.000000	0	1	0	0	1	0	1	0	0	0	0	0	0	0	0	1	0	0	1	0	2	0	1	1	2	1	0	0	1	0	0	1	0	2	0	1	1	1	0	0	0	0	1	1	1	1	0	1	1	0	0	0	0	0	1	1	1	1	0	1	0
25	1772437.000000	0	0	0	1	1	0	0	1	0	0	0	0	0	0	0	1	2	0	1	1	0	0	1	0	0	0	1	2	0	0	0	0	0	0	0	0	0	0	0	0	0	0	0	1	0	0	0	0	0	1	1	0	0	2	0	0	0	0	0	0	0
25	1772464.000000	0	0	0	1	1	0	0	1	0	0	0	0	0	0	0	1	2	0	1	1	0	0	1	0	0	0	1	2	0	0	0	0	0	0	0	0	0	0	0	0	0	0	0	1	0	0	0	0	1	1	0	0	0	2	0	0	0	0	0	0	0
25	1775474.000000	0	0	0	1	1	0	0	1	0	0	0	0	0	0	0	1	2	0	1	1	0	0	1	0	0	0	1	2	0	0	0	0	0	0	0	0	0	0	0	0	0	0	0	1	0	0	0	0	1	1	1	0	0	2	0	0	0	0	0	0	0
25	1776679.000000	0	0	0	1	1	0	0	1	0	0	0	0	0	0	0	1	2	0	1	1	1	0	1	0	1	1	1	2	0	0	0	0	0	0	0	0	0	0	0	1	0	0	0	1	0	0	0	0	1	1	1	0	0	2	0	0	0	0	0	0	0
25	1777125.000000	0	0	0	1	1	0	0	0	0	0	0	0	0	0	1	1	2	0	1	1	0	0	1	0	0	0	1	1	0	0	0	0	0	0	0	0	0	0	0	0	0	0	0	0	0	0	0	0	1	1	0	1	0	2	0	0	0	0	0	0	0
25	1790096.000000	0	0	0	1	2	0	0	0	0	0	0	0	0	0	1	1	2	0	2	1	2	0	2	2	1	1	1	2	0	0	1	2	0	1	0	1	1	1	1	0	0	1	1	0	1	1	0	1	1	1	1	0	0	2	1	1	1	2	0	1	1
25	1826376.000000	1	0	1	0	0	2	1	2	1	2	1	1	1	2	2	1	0	1	0	0	0	0	0	0	2	1	1	0	0	0	1	1	0	0	0	0	1	1	1	0	0	1	0	0	0	0	1	0	2	0	1	0	0	0	0	0	0	0	1	2	0
25	1826824.000000	0	0	0	0	1	1	0	0	0	0	0	0	0	0	0	1	2	0	1	0	0	0	1	0	0	0	0	1	0	0	1	1	0	1	0	0	1	1	2	0	0	1	0	1	0	0	0	0	0	1	0	0	1	0	0	0	0	0	1	0	0
25	1871970.000000	2	0	1	0	1	2	1	1	1	2	0	1	1	2	1	1	2	0	1	1	0	0	1	0	0	0	2	1	0	0	0	0	0	1	0	0	1	1	1	0	0	0	0	2	0	0	0	0	0	1	1	0	1	0	0	2	0	0	0	0	0
25	1891222.000000	0	1	1	1	0	0	1	1	0	0	0	0	0	0	1	1	0	0	0	1	1	2	0	1	1	2	0	2	1	1	0	0	1	1	1	1	0	0	1	0	0	0	1	1	0	1	2	1	0	0	1	0	0	0	1	0	0	1	1	1	2
25	1891235.000000	1	1	1	1	1	0	2	2	1	1	1	2	1	0	1	1	2	0	2	1	1	2	1	2	0	2	1	2	0	1	1	0	1	1	0	1	1	1	1	1	1	0	1	2	1	1	0	1	1	1	2	0	0	0	2	0	1	1	1	2	2
25	1891238.000000	1	1	2	1	1	0	2	2	1	1	1	2	1	2	1	1	2	0	2	1	1	2	1	2	2	2	1	2	2	1	1	0	1	1	2	1	1	1	1	1	1	0	1	2	1	1	2	1	2	1	2	0	0	0	2	0	1	1	1	2	2
25	1891485.000000	2	2	1	1	2	2	2	2	1	2	0	1	1	2	2	1	2	0	1	2	0	1	2	2	2	1	2	1	2	0	2	2	2	2	2	1	1	1	2	2	2	2	2	0	1	2	0	2	0	2	0	2	2	1	1	2	2	2	2	2	2
25	1892363.000000	2	2	1	1	2	1	2	2	1	2	0	1	2	2	2	1	2	0	1	2	0	1	2	1	0	1	1	1	1	0	2	2	2	2	1	1	1	1	2	2	1	2	2	1	1	2	0	2	0	2	0	2	2	1	1	2	2	2	2	2	2
25	1892526.000000	2	2	1	1	2	2	2	2	1	2	0	1	2	2	2	1	2	0	1	2	0	1	2	2	1	1	2	1	1	0	2	2	2	2	1	1	1	1	2	2	1	2	2	1	1	2	0	2	0	2	0	2	2	1	1	2	2	2	2	2	2
25	1892552.000000	2	2	1	1	2	2	2	2	1	2	0	1	1	2	2	1	1	0	1	2	0	1	2	2	1	1	2	1	1	0	2	2	1	2	1	1	1	1	1	2	1	2	2	0	1	2	0	2	0	1	0	2	2	0	1	2	2	2	2	2	2
25	1892607.000000	2	2	1	1	2	2	2	2	1	2	0	1	2	2	2	1	2	0	1	2	0	1	2	2	1	1	2	1	1	0	2	2	2	2	1	2	1	1	0	2	1	2	2	1	1	2	0	2	0	2	0	2	2	1	1	2	2	2	2	2	2
25	1892688.000000	2	2	1	1	2	2	2	2	1	2	0	1	2	2	2	1	2	0	1	2	0	1	2	2	0	1	2	1	2	0	2	2	2	2	1	1	1	1	2	2	2	2	2	1	1	2	0	2	2	2	0	2	2	1	1	2	2	2	2	2	2
25	1892711.000000	2	2	1	1	2	2	2	2	1	2	0	1	2	2	2	1	2	0	1	2	0	1	2	2	2	1	2	1	1	0	2	2	2	2	1	0	2	1	2	2	2	2	2	1	1	2	0	2	2	2	0	2	2	1	1	2	2	2	2	2	2
25	1892720.000000	0	0	1	1	0	0	0	0	1	1	2	1	0	1	0	1	0	2	1	0	2	1	0	1	1	1	0	1	1	2	0	0	0	0	1	1	1	1	0	0	0	0	0	0	1	0	2	0	1	0	2	0	0	1	1	0	0	0	0	0	0
25	1896105.000000	0	0	1	1	0	0	0	0	1	0	2	1	0	0	1	1	0	2	1	0	2	1	0	1	1	1	0	1	1	2	0	0	0	0	1	0	1	1	0	0	1	0	0	1	1	0	2	0	1	0	2	0	0	1	1	0	0	0	0	0	0
25	1907123.000000	0	0	1	0	0	0	0	0	1	0	1	1	0	1	0	1	0	1	1	0	1	1	0	0	0	0	0	1	1	1	0	0	0	0	1	0	0	0	0	0	0	0	0	1	1	0	2	0	1	0	1	0	0	0	1	0	0	0	0	0	0
25	1920505.000000	2	2	1	2	2	2	2	2	1	2	1	1	2	2	2	1	2	1	1	2	0	1	2	2	2	2	2	1	2	0	2	2	2	2	1	2	2	2	2	2	1	2	2	1	1	2	0	2	2	2	1	2	2	1	1	2	2	2	2	2	2
25	1921489.000000	0	0	1	0	0	2	0	0	0	0	0	1	1	0	0	1	1	0	1	1	0	0	1	0	0	0	2	0	0	0	1	1	1	0	1	0	0	0	1	1	1	2	1	0	0	0	0	0	0	0	0	2	1	0	0	1	0	0	0	0	0
25	1935972.000000	2	2	1	2	2	2	2	2	1	2	1	1	2	2	2	1	2	1	1	2	0	1	2	2	0	0	0	1	1	0	2	2	2	2	1	2	2	2	2	2	1	2	2	0	0	2	0	2	2	2	1	2	2	1	1	2	2	2	2	2	2
25	1947610.000000	1	0	1	0	0	1	2	1	0	2	0	1	2	1	1	1	0	0	0	0	0	0	0	0	1	1	1	0	0	0	0	0	0	0	0	0	1	1	0	0	0	0	0	0	0	0	0	0	1	0	0	1	0	0	0	0	0	0	0	0	0
25	1952618.000000	0	0	1	0	0	0	0	0	1	0	1	1	0	0	0	1	0	1	1	0	2	1	0	0	0	0	0	1	0	0	0	0	0	0	1	0	0	0	0	0	1	0	0	1	1	0	1	0	0	0	1	0	0	0	1	0	0	0	0	0	0
25	1955679.000000	0	0	1	0	0	0	0	0	1	0	1	1	0	0	0	1	0	1	1	0	2	1	0	0	0	0	0	0	2	2	0	0	0	0	0	0	0	0	0	0	1	0	0	1	0	0	2	0	0	0	1	0	0	1	1	0	0	0	0	0	0
25	1959551.000000	0	0	2	1	0	2	2	1	2	2	2	2	2	2	2	1	1	2	2	1	2	1	1	1	1	1	2	1	2	2	1	1	1	1	2	1	2	2	1	1	1	2	1	1	1	0	2	0	2	1	2	2	1	1	1	1	0	1	1	0	0
25	1990398.000000	2	2	1	2	2	2	2	2	1	2	1	2	2	2	2	1	2	1	1	2	0	1	2	2	2	2	2	1	2	0	2	2	2	2	2	2	2	2	2	2	2	2	2	1	1	2	0	2	2	2	1	2	2	1	1	2	2	2	2	2	2
25	2005583.000000	0	0	1	0	0	0	0	0	1	0	1	1	0	0	2	1	0	0	1	0	2	1	0	0	0	0	0	2	2	1	0	0	0	0	0	0	0	0	0	0	0	0	0	2	1	0	2	0	1	0	2	0	0	1	1	0	0	0	0	0	0
25	2017967.000000	0	0	1	0	0	0	0	0	1	0	1	1	0	0	0	1	0	1	1	0	2	1	0	0	1	1	0	1	1	2	0	0	0	0	0	0	0	0	0	0	0	0	0	1	1	0	2	0	1	0	1	0	0	1	1	0	0	0	0	0	0
25	2040594.000000	0	0	1	0	0	0	0	0	1	0	1	1	0	0	0	1	0	1	1	0	2	1	0	0	0	0	0	1	1	2	0	0	0	0	0	0	0	0	0	0	0	0	0	0	1	0	2	0	0	0	1	0	0	1	1	0	0	0	0	0	0
25	2058193.000000	2	2	1	2	2	2	2	2	1	2	2	1	2	2	2	1	2	1	2	2	0	0	2	2	2	2	2	1	1	0	2	2	2	2	2	2	2	2	2	2	2	2	2	1	0	2	0	2	2	2	1	2	2	1	1	2	2	2	2	2	2
25	2059951.000000	2	2	1	2	2	2	2	2	1	2	1	1	2	2	2	1	2	1	1	2	0	1	2	2	2	2	2	1	1	0	2	2	2	2	2	2	2	2	2	2	2	2	2	1	1	2	0	2	2	2	1	2	2	1	1	2	2	2	2	2	2
25	2065344.000000	2	2	1	2	2	2	2	2	1	2	1	1	2	2	2	1	2	1	1	2	0	1	2	2	2	2	2	1	1	0	2	2	2	2	2	2	2	2	2	2	2	2	2	1	1	2	0	2	2	2	1	2	2	1	1	2	2	2	2	2	2
25	2076416.000000	2	1	0	2	2	0	2	1	1	2	1	0	1	2	2	1	2	1	1	1	0	1	2	2	2	2	2	0	1	0	2	1	2	1	1	2	2	2	1	2	2	2	2	1	1	2	0	2	2	2	1	2	2	1	1	2	2	2	2	1	1
25	2077538.000000	2	1	1	2	2	2	2	2	1	2	1	1	2	2	2	1	2	1	1	1	0	1	2	2	2	0	0	1	1	0	2	2	2	1	2	2	2	2	2	2	2	2	2	1	0	2	0	2	0	2	1	2	2	1	1	2	2	2	0	2	2
